-2.2705e-01 
2.8076e-01 
5.1270e-02 
-3.1738e-01 
1.4404e-01 
2.2705e-01 
-2.8564e-01 
-5.1270e-02 
3.1250e-01 
-1.4404e-01 
-2.2949e-01 
2.8320e-01 
5.1270e-02 
-3.1494e-01 
1.4404e-01 
2.2705e-01 
-2.8320e-01 
-5.1270e-02 
3.1250e-01 
-1.4160e-01 
-2.2705e-01 
2.8320e-01 
5.3711e-02 
-3.1494e-01 
1.4160e-01 
2.2705e-01 
-2.8076e-01 
-5.3711e-02 
3.1494e-01 
-1.3916e-01 
-2.2705e-01 
2.8076e-01 
5.3711e-02 
-3.1494e-01 
1.4404e-01 
2.2705e-01 
-2.8320e-01 
-5.3711e-02 
3.1738e-01 
-1.4160e-01 
-2.2705e-01 
2.8320e-01 
5.1270e-02 
-3.1494e-01 
1.4404e-01 
2.2461e-01 
-2.8320e-01 
-5.1270e-02 
3.1250e-01 
-1.4160e-01 
-2.2705e-01 
2.8076e-01 
5.3711e-02 
-3.1494e-01 
1.4160e-01 
2.2705e-01 
-2.8076e-01 
-4.8828e-02 
3.1494e-01 
-1.4160e-01 
-2.2705e-01 
2.8076e-01 
5.1270e-02 
-3.1494e-01 
1.4160e-01 
2.2705e-01 
-2.8320e-01 
-5.3711e-02 
3.1250e-01 
-1.4160e-01 
-2.2705e-01 
2.8320e-01 
5.3711e-02 
-3.1738e-01 
1.4160e-01 
2.2705e-01 
-2.8320e-01 
-5.1270e-02 
3.1494e-01 
-1.3916e-01 
-2.2461e-01 
2.8076e-01 
5.1270e-02 
-3.1738e-01 
1.4404e-01 
2.2705e-01 
-2.8320e-01 
-5.1270e-02 
3.1494e-01 
-1.4160e-01 
-2.2705e-01 
2.8076e-01 
5.1270e-02 
-3.1738e-01 
1.4160e-01 
2.2705e-01 
-2.8320e-01 
-5.1270e-02 
3.1494e-01 
-1.4160e-01 
-2.2705e-01 
2.8076e-01 
5.1270e-02 
-3.1250e-01 
1.4160e-01 
2.2705e-01 
-2.8320e-01 
-5.1270e-02 
3.1494e-01 
-1.4160e-01 
-2.2705e-01 
2.8076e-01 
5.1270e-02 
-3.1494e-01 
1.4160e-01 
2.2461e-01 
-2.8320e-01 
-5.1270e-02 
3.1250e-01 
-1.4160e-01 
-2.2461e-01 
2.8076e-01 
5.6152e-02 
-3.1250e-01 
1.4404e-01 
2.2949e-01 
-2.8076e-01 
-5.1270e-02 
3.1494e-01 
-1.4160e-01 
-2.2705e-01 
2.8076e-01 
5.3711e-02 
-3.1738e-01 
1.4160e-01 
2.2705e-01 
-2.8320e-01 
-5.1270e-02 
3.1250e-01 
-1.4160e-01 
-2.2461e-01 
2.8076e-01 
5.1270e-02 
-3.1494e-01 
1.4160e-01 
2.2705e-01 
-2.8076e-01 
-5.1270e-02 
3.1250e-01 
-1.4160e-01 
-2.2705e-01 
2.8076e-01 
5.6152e-02 
-3.1494e-01 
1.4160e-01 
2.2705e-01 
-2.8076e-01 
-5.1270e-02 
3.1250e-01 
-1.4404e-01 
-2.2705e-01 
2.8320e-01 
5.3711e-02 
-3.1494e-01 
1.4404e-01 
2.2705e-01 
-2.8320e-01 
-5.3711e-02 
3.1494e-01 
-1.4160e-01 
-2.2705e-01 
2.8320e-01 
5.1270e-02 
-3.1494e-01 
1.4160e-01 
2.2705e-01 
-2.8076e-01 
-5.1270e-02 
3.1494e-01 
-1.4160e-01 
-2.2705e-01 
2.8076e-01 
5.3711e-02 
-3.1250e-01 
1.4404e-01 
2.2705e-01 
-2.8076e-01 
-5.1270e-02 
3.1250e-01 
-1.4160e-01 
-2.2705e-01 
2.8076e-01 
5.3711e-02 
-3.1494e-01 
1.4160e-01 
2.2949e-01 
-2.8320e-01 
-5.1270e-02 
3.1250e-01 
-1.4160e-01 
-2.2705e-01 
2.8076e-01 
5.1270e-02 
-3.1494e-01 
1.4160e-01 
2.2705e-01 
-2.8320e-01 
-5.1270e-02 
3.1494e-01 
-1.4160e-01 
-2.2949e-01 
2.8320e-01 
5.1270e-02 
-3.1494e-01 
1.4160e-01 
2.2949e-01 
-2.8076e-01 
-5.1270e-02 
3.1494e-01 
-1.4160e-01 
-2.2705e-01 
2.8076e-01 
5.3711e-02 
-3.1250e-01 
1.4160e-01 
2.2705e-01 
-2.8320e-01 
-5.3711e-02 
3.1250e-01 
-1.3916e-01 
-2.2705e-01 
2.8076e-01 
5.6152e-02 
-3.1494e-01 
1.4404e-01 
2.2705e-01 
-2.8320e-01 
-4.8828e-02 
3.1250e-01 
-1.4160e-01 
-2.2705e-01 
2.8320e-01 
5.1270e-02 
-3.1250e-01 
1.4160e-01 
2.2705e-01 
-2.8320e-01 
-5.1270e-02 
3.1250e-01 
-1.4160e-01 
-2.2949e-01 
2.8076e-01 
5.3711e-02 
-3.1738e-01 
1.4160e-01 
2.2705e-01 
