1.6113e-01 
-2.9297e-02 
-2.0996e-01 
-3.1494e-01 
-2.9297e-01 
-1.6113e-01 
3.1738e-02 
2.1484e-01 
3.1250e-01 
2.9297e-01 
1.6113e-01 
-3.1738e-02 
-2.0996e-01 
-3.1494e-01 
-2.9541e-01 
-1.6113e-01 
3.4180e-02 
2.1240e-01 
3.1250e-01 
2.9297e-01 
1.6113e-01 
-3.1738e-02 
-2.1240e-01 
-3.1494e-01 
-2.9053e-01 
-1.5869e-01 
3.1738e-02 
2.1240e-01 
3.1006e-01 
2.9053e-01 
1.5869e-01 
-3.4180e-02 
-2.1240e-01 
-3.1494e-01 
-2.9053e-01 
-1.6113e-01 
3.4180e-02 
2.1240e-01 
3.1250e-01 
2.9053e-01 
1.6113e-01 
-3.1738e-02 
-2.1484e-01 
-3.1494e-01 
-2.9297e-01 
-1.6113e-01 
3.1738e-02 
2.0996e-01 
3.1250e-01 
2.9053e-01 
1.6113e-01 
-3.1738e-02 
-2.1240e-01 
-3.1494e-01 
-2.9053e-01 
-1.5869e-01 
3.1738e-02 
2.1484e-01 
3.1006e-01 
2.9053e-01 
1.5869e-01 
-3.1738e-02 
-2.1484e-01 
-3.1494e-01 
-2.9053e-01 
-1.6113e-01 
3.1738e-02 
2.1240e-01 
3.0762e-01 
2.9053e-01 
1.5869e-01 
-3.1738e-02 
-2.1240e-01 
-3.1494e-01 
-2.9053e-01 
-1.6357e-01 
3.1738e-02 
2.1240e-01 
3.1006e-01 
2.9053e-01 
1.5869e-01 
-3.1738e-02 
-2.0996e-01 
-3.1494e-01 
-2.9297e-01 
-1.5869e-01 
3.4180e-02 
2.1484e-01 
3.1250e-01 
2.9053e-01 
1.6113e-01 
-3.4180e-02 
-2.0996e-01 
-3.1494e-01 
-2.9297e-01 
-1.5869e-01 
3.1738e-02 
2.1484e-01 
3.1250e-01 
2.9053e-01 
1.6113e-01 
-3.1738e-02 
-2.1240e-01 
-3.1250e-01 
-2.9297e-01 
-1.6113e-01 
3.4180e-02 
2.1240e-01 
3.1250e-01 
2.9053e-01 
1.6113e-01 
-3.1738e-02 
-2.1484e-01 
-3.1494e-01 
-2.9297e-01 
-1.5869e-01 
3.4180e-02 
2.1240e-01 
3.1250e-01 
2.9053e-01 
1.6113e-01 
-3.1738e-02 
-2.1240e-01 
-3.1250e-01 
-2.9297e-01 
-1.5869e-01 
3.1738e-02 
2.1484e-01 
3.1006e-01 
2.9053e-01 
1.6113e-01 
-3.4180e-02 
-2.1484e-01 
-3.1494e-01 
-2.9297e-01 
-1.5869e-01 
3.4180e-02 
2.1484e-01 
3.0762e-01 
2.9053e-01 
1.5869e-01 
-3.1738e-02 
-2.1240e-01 
-3.1494e-01 
-2.9053e-01 
-1.6113e-01 
3.1738e-02 
2.1240e-01 
3.1250e-01 
2.9053e-01 
1.6113e-01 
-3.4180e-02 
-2.1240e-01 
-3.1494e-01 
-2.9297e-01 
-1.6113e-01 
3.1738e-02 
2.1240e-01 
3.1250e-01 
2.9053e-01 
1.6113e-01 
-2.9297e-02 
-2.1240e-01 
-3.1250e-01 
-2.9297e-01 
-1.6113e-01 
3.6621e-02 
2.1240e-01 
3.1250e-01 
2.9053e-01 
1.5869e-01 
-3.4180e-02 
-2.1240e-01 
-3.1494e-01 
-2.9297e-01 
-1.5869e-01 
3.4180e-02 
2.1240e-01 
3.1006e-01 
2.9297e-01 
1.5869e-01 
-3.1738e-02 
-2.1484e-01 
-3.1250e-01 
-2.9297e-01 
-1.5869e-01 
3.4180e-02 
2.1484e-01 
3.1250e-01 
2.9053e-01 
1.5869e-01 
-3.4180e-02 
-2.1484e-01 
-3.1494e-01 
-2.9297e-01 
-1.5869e-01 
3.1738e-02 
2.1484e-01 
3.1006e-01 
2.9053e-01 
1.5869e-01 
-3.1738e-02 
-2.1484e-01 
-3.1494e-01 
-2.9297e-01 
-1.6113e-01 
3.1738e-02 
2.1240e-01 
3.1250e-01 
2.9053e-01 
1.6113e-01 
-3.4180e-02 
-2.1484e-01 
-3.1494e-01 
-2.9053e-01 
-1.5869e-01 
3.4180e-02 
2.1484e-01 
3.1250e-01 
2.9053e-01 
1.5869e-01 
-3.4180e-02 
-2.1240e-01 
-3.1250e-01 
-2.9297e-01 
-1.5869e-01 
3.1738e-02 
2.1484e-01 
3.1250e-01 
2.9053e-01 
1.5869e-01 
-3.4180e-02 
-2.1240e-01 
-3.1494e-01 
-2.9053e-01 
-1.5869e-01 
3.4180e-02 
2.1484e-01 
3.1250e-01 
2.8809e-01 
1.5869e-01 
-3.1738e-02 
-2.1484e-01 
-3.1006e-01 
-2.9297e-01 
-1.5625e-01 
3.1738e-02 
2.1240e-01 
3.1250e-01 
2.9053e-01 
1.5869e-01 
-3.4180e-02 
-2.1240e-01 
-3.1494e-01 
-2.9053e-01 
-1.5869e-01 
