2.8320e-01 
-1.5137e-01 
-4.6387e-02 
2.2217e-01 
-3.1738e-01 
2.8564e-01 
-1.4893e-01 
-4.6387e-02 
2.1973e-01 
-3.1494e-01 
2.8564e-01 
-1.4648e-01 
-4.6387e-02 
2.2217e-01 
-3.1494e-01 
2.8320e-01 
-1.4893e-01 
-4.6387e-02 
2.2217e-01 
-3.1494e-01 
2.8564e-01 
-1.4893e-01 
-4.6387e-02 
2.2217e-01 
-3.1494e-01 
2.8564e-01 
-1.4893e-01 
-4.6387e-02 
2.2217e-01 
-3.1494e-01 
2.8564e-01 
-1.4648e-01 
-4.6387e-02 
2.2217e-01 
-3.1494e-01 
2.8320e-01 
-1.4893e-01 
-4.6387e-02 
2.1973e-01 
-3.1494e-01 
2.8564e-01 
-1.4893e-01 
-4.6387e-02 
2.2217e-01 
-3.1494e-01 
2.8564e-01 
-1.4893e-01 
-4.6387e-02 
2.1973e-01 
-3.1250e-01 
2.8564e-01 
-1.4893e-01 
-4.6387e-02 
2.2217e-01 
-3.1494e-01 
2.8320e-01 
-1.4893e-01 
-4.6387e-02 
2.2217e-01 
-3.1738e-01 
2.8564e-01 
-1.4893e-01 
-4.6387e-02 
2.2217e-01 
-3.1738e-01 
2.8564e-01 
-1.4893e-01 
-4.6387e-02 
2.2217e-01 
-3.1494e-01 
2.8564e-01 
-1.4893e-01 
-4.6387e-02 
2.2217e-01 
-3.1494e-01 
2.8320e-01 
-1.4648e-01 
-4.3945e-02 
2.1973e-01 
-3.1494e-01 
2.8564e-01 
-1.4893e-01 
-4.3945e-02 
2.2217e-01 
-3.1494e-01 
2.8564e-01 
-1.4893e-01 
-4.6387e-02 
2.2217e-01 
-3.1494e-01 
2.8564e-01 
-1.4893e-01 
-4.3945e-02 
2.2217e-01 
-3.1494e-01 
2.8809e-01 
-1.4648e-01 
-4.6387e-02 
2.2217e-01 
-3.1250e-01 
2.8809e-01 
-1.4893e-01 
-4.3945e-02 
2.1973e-01 
-3.1494e-01 
2.8564e-01 
-1.4893e-01 
-4.6387e-02 
2.2217e-01 
-3.1250e-01 
2.8564e-01 
-1.4893e-01 
-4.6387e-02 
2.1973e-01 
-3.1982e-01 
2.8564e-01 
-1.5137e-01 
-4.3945e-02 
2.1973e-01 
-3.1250e-01 
2.8320e-01 
-1.4893e-01 
-4.6387e-02 
2.1973e-01 
-3.1494e-01 
2.8809e-01 
-1.4893e-01 
-4.3945e-02 
2.1973e-01 
-3.1494e-01 
2.8564e-01 
-1.4648e-01 
-4.6387e-02 
2.2217e-01 
-3.1494e-01 
2.8809e-01 
-1.4893e-01 
-4.3945e-02 
2.2217e-01 
-3.1494e-01 
2.8320e-01 
-1.4648e-01 
-4.6387e-02 
2.2217e-01 
-3.1494e-01 
2.8564e-01 
-1.4648e-01 
-4.6387e-02 
2.2217e-01 
-3.1250e-01 
2.8809e-01 
-1.4648e-01 
-4.3945e-02 
2.2217e-01 
-3.1494e-01 
2.8320e-01 
-1.4648e-01 
-4.3945e-02 
2.1973e-01 
-3.1250e-01 
2.8564e-01 
-1.4648e-01 
-4.3945e-02 
2.1973e-01 
-3.1494e-01 
2.8564e-01 
-1.4893e-01 
-4.6387e-02 
2.2217e-01 
-3.1250e-01 
2.8320e-01 
-1.4893e-01 
-4.6387e-02 
2.2217e-01 
-3.1494e-01 
2.8320e-01 
-1.4893e-01 
-4.6387e-02 
2.2217e-01 
-3.1494e-01 
2.8564e-01 
-1.4648e-01 
-4.3945e-02 
2.2217e-01 
-3.1738e-01 
2.8564e-01 
-1.4893e-01 
-4.6387e-02 
2.2217e-01 
-3.1494e-01 
2.8564e-01 
-1.4893e-01 
-4.6387e-02 
2.2217e-01 
-3.1494e-01 
2.8564e-01 
-1.4893e-01 
-4.6387e-02 
2.2217e-01 
-3.1494e-01 
2.8564e-01 
-1.4893e-01 
-4.6387e-02 
2.2217e-01 
-3.1494e-01 
2.8564e-01 
-1.4893e-01 
-4.6387e-02 
2.2217e-01 
-3.1494e-01 
2.8564e-01 
-1.4893e-01 
-4.6387e-02 
2.2217e-01 
-3.1250e-01 
2.8564e-01 
-1.4893e-01 
-4.6387e-02 
2.2217e-01 
-3.1250e-01 
2.8564e-01 
-1.5137e-01 
-4.6387e-02 
2.2217e-01 
-3.1494e-01 
2.8564e-01 
-1.4893e-01 
-4.3945e-02 
2.2217e-01 
-3.1494e-01 
2.8320e-01 
-1.4893e-01 
-4.6387e-02 
2.2217e-01 
-3.1494e-01 
2.8809e-01 
-1.4893e-01 
-4.3945e-02 
2.2217e-01 
-3.1494e-01 
2.8564e-01 
-1.5137e-01 
-4.1504e-02 
2.1973e-01 
-3.1494e-01 
2.8564e-01 
-1.4648e-01 
-4.3945e-02 
2.2461e-01 
-3.1250e-01 
2.8564e-01 
-1.4893e-01 
-4.3945e-02 
2.1973e-01 
-3.1494e-01 
2.8564e-01 
