-3.1494e-01 
1.5381e-01 
2.1729e-01 
-2.9053e-01 
-3.6621e-02 
3.1250e-01 
-1.5625e-01 
-2.1729e-01 
2.9053e-01 
3.9062e-02 
-3.1494e-01 
1.5381e-01 
2.1729e-01 
-2.9053e-01 
-4.1504e-02 
3.1250e-01 
-1.5625e-01 
-2.1729e-01 
2.8809e-01 
3.6621e-02 
-3.1494e-01 
1.5381e-01 
2.1729e-01 
-2.9053e-01 
-3.6621e-02 
3.1250e-01 
-1.5625e-01 
-2.1484e-01 
2.9053e-01 
3.9062e-02 
-3.1250e-01 
1.5381e-01 
2.1973e-01 
-2.9053e-01 
-3.6621e-02 
3.1006e-01 
-1.5869e-01 
-2.1729e-01 
2.9053e-01 
3.6621e-02 
-3.1494e-01 
1.5381e-01 
2.1729e-01 
-2.9297e-01 
-3.6621e-02 
3.1250e-01 
-1.5625e-01 
-2.1484e-01 
2.8809e-01 
3.9062e-02 
-3.1494e-01 
1.5381e-01 
2.1729e-01 
-2.9053e-01 
-3.6621e-02 
3.1006e-01 
-1.5869e-01 
-2.1729e-01 
2.8809e-01 
3.6621e-02 
-3.1250e-01 
1.5869e-01 
2.1729e-01 
-2.9053e-01 
-3.9062e-02 
3.1006e-01 
-1.5869e-01 
-2.1484e-01 
2.9053e-01 
3.6621e-02 
-3.1494e-01 
1.5625e-01 
2.1729e-01 
-2.8809e-01 
-3.6621e-02 
3.1250e-01 
-1.5625e-01 
-2.1484e-01 
2.8809e-01 
3.9062e-02 
-3.1494e-01 
1.5625e-01 
2.1729e-01 
-2.9053e-01 
-3.6621e-02 
3.1006e-01 
-1.5381e-01 
-2.1484e-01 
2.8809e-01 
3.9062e-02 
-3.1494e-01 
1.5869e-01 
2.1729e-01 
-2.9297e-01 
-3.9062e-02 
3.1250e-01 
-1.5381e-01 
-2.1729e-01 
2.9053e-01 
3.9062e-02 
-3.1494e-01 
1.5869e-01 
2.1729e-01 
-2.9053e-01 
-3.6621e-02 
3.1250e-01 
-1.5381e-01 
-2.1484e-01 
2.9053e-01 
3.9062e-02 
-3.1250e-01 
1.5625e-01 
2.1729e-01 
-2.8809e-01 
-3.4180e-02 
3.1250e-01 
-1.5625e-01 
-2.1484e-01 
2.8809e-01 
3.6621e-02 
-3.1250e-01 
1.5869e-01 
2.1484e-01 
-2.9053e-01 
-3.6621e-02 
3.1250e-01 
-1.5625e-01 
-2.1729e-01 
2.9053e-01 
3.9062e-02 
-3.1250e-01 
1.5625e-01 
2.1484e-01 
-2.9053e-01 
-3.6621e-02 
3.1006e-01 
-1.5625e-01 
-2.1729e-01 
2.9053e-01 
3.6621e-02 
-3.1494e-01 
1.5625e-01 
2.1484e-01 
-2.9053e-01 
-3.4180e-02 
3.1250e-01 
-1.5625e-01 
-2.1484e-01 
2.9053e-01 
3.6621e-02 
-3.1494e-01 
1.5625e-01 
2.1729e-01 
-2.9053e-01 
-3.6621e-02 
3.1006e-01 
-1.5381e-01 
-2.1729e-01 
2.8809e-01 
3.9062e-02 
-3.1494e-01 
1.5625e-01 
2.1484e-01 
-2.9053e-01 
-3.6621e-02 
3.1006e-01 
-1.5625e-01 
-2.1484e-01 
2.9053e-01 
3.9062e-02 
-3.1250e-01 
1.5869e-01 
2.1729e-01 
-2.9297e-01 
-3.6621e-02 
3.1250e-01 
-1.5625e-01 
-2.1729e-01 
2.8564e-01 
3.6621e-02 
-3.1250e-01 
1.5869e-01 
2.1484e-01 
-2.9053e-01 
-3.4180e-02 
3.1250e-01 
-1.5625e-01 
-2.1484e-01 
2.9053e-01 
3.6621e-02 
-3.1494e-01 
1.5625e-01 
2.1484e-01 
-2.9053e-01 
-3.6621e-02 
3.1250e-01 
-1.5381e-01 
-2.1729e-01 
2.8809e-01 
3.6621e-02 
-3.1494e-01 
1.5625e-01 
2.1484e-01 
-2.9053e-01 
-3.6621e-02 
3.1250e-01 
-1.5625e-01 
-2.1484e-01 
2.8809e-01 
3.6621e-02 
-3.1494e-01 
1.5869e-01 
2.1729e-01 
-2.8809e-01 
-3.4180e-02 
3.1006e-01 
-1.5625e-01 
-2.1484e-01 
2.8809e-01 
3.6621e-02 
-3.1494e-01 
1.5869e-01 
2.1484e-01 
-2.9297e-01 
-3.6621e-02 
3.1006e-01 
-1.5625e-01 
-2.1729e-01 
2.8809e-01 
3.6621e-02 
-3.1494e-01 
1.5625e-01 
2.1729e-01 
-2.9053e-01 
-3.6621e-02 
3.1250e-01 
-1.5625e-01 
-2.1729e-01 
2.8809e-01 
3.6621e-02 
-3.1250e-01 
1.5869e-01 
2.1729e-01 
-2.9053e-01 
-3.4180e-02 
3.1006e-01 
-1.5625e-01 
-2.1729e-01 
2.9053e-01 
3.6621e-02 
-3.1494e-01 
1.5625e-01 
2.1484e-01 
-2.9053e-01 
-3.4180e-02 
3.1006e-01 
