-1.4648e-01 
1.4404e-01 
-1.4648e-01 
1.4404e-01 
-1.4648e-01 
1.4404e-01 
-1.4648e-01 
1.4404e-01 
-1.4648e-01 
1.4404e-01 
-1.4404e-01 
1.4648e-01 
-1.4404e-01 
1.4404e-01 
-1.4648e-01 
1.4404e-01 
-1.4404e-01 
1.4404e-01 
-1.4404e-01 
1.4648e-01 
-1.4404e-01 
1.4404e-01 
-1.4648e-01 
1.4404e-01 
-1.4404e-01 
1.4404e-01 
-1.4404e-01 
1.4404e-01 
-1.4648e-01 
1.4648e-01 
-1.4160e-01 
1.4404e-01 
-1.4404e-01 
1.4404e-01 
-1.4404e-01 
1.4648e-01 
-1.4648e-01 
1.4404e-01 
-1.4404e-01 
1.4404e-01 
-1.4404e-01 
1.4404e-01 
-1.4404e-01 
1.4404e-01 
-1.4648e-01 
1.4404e-01 
-1.4404e-01 
1.4404e-01 
-1.4648e-01 
1.4404e-01 
-1.4404e-01 
1.4404e-01 
-1.4648e-01 
1.4160e-01 
-1.4404e-01 
1.4404e-01 
-1.4648e-01 
1.4404e-01 
-1.4648e-01 
1.4404e-01 
-1.4404e-01 
1.4404e-01 
-1.4404e-01 
1.4404e-01 
-1.4648e-01 
1.4404e-01 
-1.4648e-01 
1.4404e-01 
-1.4404e-01 
1.4404e-01 
-1.4404e-01 
1.4404e-01 
-1.4404e-01 
1.4404e-01 
-1.4648e-01 
1.4648e-01 
-1.4648e-01 
1.4404e-01 
-1.4404e-01 
1.4404e-01 
-1.4404e-01 
1.4404e-01 
-1.4648e-01 
1.4404e-01 
-1.4404e-01 
1.4404e-01 
-1.4404e-01 
1.4404e-01 
-1.4404e-01 
1.4404e-01 
-1.4404e-01 
1.4404e-01 
-1.4893e-01 
1.4404e-01 
-1.4404e-01 
1.4404e-01 
-1.4404e-01 
1.4404e-01 
-1.4648e-01 
1.4648e-01 
-1.4648e-01 
1.4404e-01 
-1.4648e-01 
1.4404e-01 
-1.4404e-01 
1.4404e-01 
-1.4404e-01 
1.4404e-01 
-1.4648e-01 
1.4648e-01 
-1.4404e-01 
1.4404e-01 
-1.4648e-01 
1.4404e-01 
-1.4404e-01 
1.4404e-01 
-1.4648e-01 
1.4404e-01 
-1.4404e-01 
1.4648e-01 
-1.4404e-01 
1.4404e-01 
-1.4404e-01 
1.4404e-01 
-1.4404e-01 
1.4404e-01 
-1.4404e-01 
1.4160e-01 
-1.4404e-01 
1.4404e-01 
-1.4648e-01 
1.4404e-01 
-1.4648e-01 
1.4404e-01 
-1.4404e-01 
1.4404e-01 
-1.4404e-01 
1.4404e-01 
-1.4404e-01 
1.4160e-01 
-1.4404e-01 
1.4404e-01 
-1.4404e-01 
1.4404e-01 
-1.4404e-01 
1.4404e-01 
-1.4404e-01 
1.4404e-01 
-1.4648e-01 
1.4404e-01 
-1.4404e-01 
1.4648e-01 
-1.4648e-01 
1.4404e-01 
-1.4404e-01 
1.4648e-01 
-1.4648e-01 
1.4404e-01 
-1.4404e-01 
1.4404e-01 
-1.4648e-01 
1.4404e-01 
-1.4404e-01 
1.4404e-01 
-1.4648e-01 
1.4404e-01 
-1.4404e-01 
1.4404e-01 
-1.4648e-01 
1.4404e-01 
-1.4404e-01 
1.4404e-01 
-1.4648e-01 
1.4404e-01 
-1.4404e-01 
1.4404e-01 
-1.4648e-01 
1.4404e-01 
-1.4160e-01 
1.4648e-01 
-1.4648e-01 
1.4404e-01 
-1.4404e-01 
1.4404e-01 
-1.4404e-01 
1.4648e-01 
-1.4160e-01 
1.4404e-01 
-1.4404e-01 
1.4404e-01 
-1.4404e-01 
1.4404e-01 
-1.4648e-01 
1.4160e-01 
-1.4404e-01 
1.4160e-01 
-1.4404e-01 
1.4404e-01 
-1.4404e-01 
1.4404e-01 
-1.4404e-01 
1.4160e-01 
-1.4404e-01 
1.4404e-01 
-1.4404e-01 
1.4404e-01 
-1.4404e-01 
1.4404e-01 
-1.4404e-01 
1.4404e-01 
-1.4404e-01 
1.4404e-01 
-1.4404e-01 
1.4160e-01 
-1.4404e-01 
1.4404e-01 
-1.4404e-01 
1.4404e-01 
-1.4404e-01 
1.4404e-01 
-1.4404e-01 
1.4404e-01 
-1.4404e-01 
1.4160e-01 
-1.4648e-01 
1.4404e-01 
-1.4404e-01 
1.4404e-01 
-1.4648e-01 
1.4648e-01 
-1.4404e-01 
1.4648e-01 
-1.4648e-01 
1.4404e-01 
-1.4160e-01 
1.4160e-01 
-1.4648e-01 
1.4160e-01 
-1.4160e-01 
1.4404e-01 
-1.4648e-01 
1.4160e-01 
-1.4404e-01 
1.4404e-01 
-1.4404e-01 
1.4404e-01 
-1.4404e-01 
1.4404e-01 
-1.4404e-01 
1.4160e-01 
-1.4404e-01 
1.4404e-01 
-1.4404e-01 
1.4160e-01 
-1.4648e-01 
1.4404e-01 
