5.8594e-02 
1.3672e-01 
-2.8076e-01 
3.1250e-01 
-2.3193e-01 
5.8594e-02 
1.3672e-01 
-2.8320e-01 
3.1494e-01 
-2.3193e-01 
6.1035e-02 
1.3672e-01 
-2.8076e-01 
3.1494e-01 
-2.3193e-01 
5.8594e-02 
1.3916e-01 
-2.8076e-01 
3.1494e-01 
-2.2949e-01 
5.8594e-02 
1.3672e-01 
-2.8076e-01 
3.1494e-01 
-2.3193e-01 
5.8594e-02 
1.3672e-01 
-2.8076e-01 
3.1738e-01 
-2.3193e-01 
5.8594e-02 
1.3672e-01 
-2.8076e-01 
3.1494e-01 
-2.3438e-01 
5.8594e-02 
1.3672e-01 
-2.8076e-01 
3.1494e-01 
-2.2949e-01 
6.1035e-02 
1.3672e-01 
-2.8076e-01 
3.1494e-01 
-2.2949e-01 
6.1035e-02 
1.3672e-01 
-2.8076e-01 
3.1494e-01 
-2.2949e-01 
6.1035e-02 
1.3672e-01 
-2.8076e-01 
3.1494e-01 
-2.3193e-01 
5.8594e-02 
1.3672e-01 
-2.8320e-01 
3.1494e-01 
-2.3193e-01 
6.1035e-02 
1.3672e-01 
-2.7832e-01 
3.1494e-01 
-2.3193e-01 
5.8594e-02 
1.3428e-01 
-2.8076e-01 
3.1494e-01 
-2.3193e-01 
6.1035e-02 
1.3428e-01 
-2.8076e-01 
3.1494e-01 
-2.2949e-01 
5.8594e-02 
1.3916e-01 
-2.8076e-01 
3.1494e-01 
-2.2949e-01 
5.8594e-02 
1.3672e-01 
-2.8076e-01 
3.1494e-01 
-2.3193e-01 
6.1035e-02 
1.3672e-01 
-2.8076e-01 
3.1494e-01 
-2.2949e-01 
5.8594e-02 
1.3672e-01 
-2.8076e-01 
3.1738e-01 
-2.3193e-01 
5.8594e-02 
1.3672e-01 
-2.8076e-01 
3.1494e-01 
-2.2949e-01 
5.8594e-02 
1.3428e-01 
-2.8320e-01 
3.1738e-01 
-2.2949e-01 
5.8594e-02 
1.3672e-01 
-2.8076e-01 
3.1738e-01 
-2.3193e-01 
5.8594e-02 
1.3672e-01 
-2.8076e-01 
3.1494e-01 
-2.2949e-01 
6.1035e-02 
1.3672e-01 
-2.8076e-01 
3.1494e-01 
-2.2949e-01 
5.6152e-02 
1.3672e-01 
-2.8320e-01 
3.1250e-01 
-2.2949e-01 
5.8594e-02 
1.3672e-01 
-2.8320e-01 
3.1494e-01 
-2.3193e-01 
5.8594e-02 
1.3916e-01 
-2.8076e-01 
3.1494e-01 
-2.3193e-01 
5.8594e-02 
1.3672e-01 
-2.8320e-01 
3.1494e-01 
-2.3193e-01 
5.8594e-02 
1.3672e-01 
-2.8076e-01 
3.1494e-01 
-2.3193e-01 
6.1035e-02 
1.3672e-01 
-2.8076e-01 
3.1494e-01 
-2.3193e-01 
6.1035e-02 
1.3672e-01 
-2.8076e-01 
3.1494e-01 
-2.3193e-01 
6.1035e-02 
1.3672e-01 
-2.8076e-01 
3.1494e-01 
-2.2949e-01 
5.6152e-02 
1.3672e-01 
-2.8320e-01 
3.1494e-01 
-2.3193e-01 
5.8594e-02 
1.3672e-01 
-2.8076e-01 
3.1494e-01 
-2.3193e-01 
5.8594e-02 
1.3672e-01 
-2.8076e-01 
3.1494e-01 
-2.2949e-01 
5.6152e-02 
1.3672e-01 
-2.8076e-01 
3.1494e-01 
-2.2949e-01 
5.6152e-02 
1.3916e-01 
-2.8076e-01 
3.1494e-01 
-2.3193e-01 
5.8594e-02 
1.3672e-01 
-2.8076e-01 
3.1494e-01 
-2.3193e-01 
5.8594e-02 
1.3428e-01 
-2.8076e-01 
3.1738e-01 
-2.2949e-01 
6.1035e-02 
1.3916e-01 
-2.8076e-01 
3.1494e-01 
-2.3193e-01 
5.8594e-02 
1.3672e-01 
-2.8076e-01 
3.1494e-01 
-2.3193e-01 
5.8594e-02 
1.3916e-01 
-2.8320e-01 
3.1494e-01 
-2.3193e-01 
5.6152e-02 
1.3672e-01 
-2.7832e-01 
3.1250e-01 
-2.3193e-01 
5.8594e-02 
1.3428e-01 
-2.8076e-01 
3.1494e-01 
-2.3193e-01 
5.8594e-02 
1.3672e-01 
-2.8076e-01 
3.1494e-01 
-2.2949e-01 
5.8594e-02 
1.3672e-01 
-2.8076e-01 
3.1494e-01 
-2.2949e-01 
5.8594e-02 
1.3672e-01 
-2.8076e-01 
3.1494e-01 
-2.3193e-01 
5.8594e-02 
1.3672e-01 
-2.8076e-01 
3.1494e-01 
-2.3193e-01 
5.8594e-02 
1.3672e-01 
-2.7832e-01 
3.1494e-01 
-2.2949e-01 
6.1035e-02 
1.3672e-01 
-2.8076e-01 
3.1494e-01 
-2.3193e-01 
5.8594e-02 
1.3672e-01 
-2.8320e-01 
3.1494e-01 
-2.3193e-01 
6.1035e-02 
