1.8555e-01 
0.0000e+00 
-1.8311e-01 
-3.0029e-01 
-2.9785e-01 
-1.8066e-01 
2.4414e-03 
1.8799e-01 
3.0029e-01 
2.9785e-01 
1.8555e-01 
0.0000e+00 
-1.8799e-01 
-3.0029e-01 
-2.9785e-01 
-1.8555e-01 
2.4414e-03 
1.8799e-01 
3.0029e-01 
3.0029e-01 
1.8311e-01 
-2.4414e-03 
-1.8555e-01 
-2.9785e-01 
-2.9785e-01 
-1.8311e-01 
2.4414e-03 
1.8799e-01 
3.0029e-01 
3.0029e-01 
1.8311e-01 
0.0000e+00 
-1.8311e-01 
-3.0029e-01 
-2.9785e-01 
-1.8311e-01 
2.4414e-03 
1.8799e-01 
3.0029e-01 
3.0029e-01 
1.8555e-01 
-2.4414e-03 
-1.8555e-01 
-3.0029e-01 
-2.9785e-01 
-1.8311e-01 
2.4414e-03 
1.8555e-01 
2.9785e-01 
2.9785e-01 
1.8555e-01 
0.0000e+00 
-1.8555e-01 
-3.0029e-01 
-3.0029e-01 
-1.8311e-01 
2.4414e-03 
1.8799e-01 
2.9785e-01 
3.0029e-01 
1.8311e-01 
0.0000e+00 
-1.8555e-01 
-2.9785e-01 
-2.9785e-01 
-1.8066e-01 
4.8828e-03 
1.8799e-01 
3.0029e-01 
3.0029e-01 
1.8311e-01 
2.4414e-03 
-1.8555e-01 
-3.0029e-01 
-2.9785e-01 
-1.8311e-01 
2.4414e-03 
1.8799e-01 
2.9785e-01 
2.9785e-01 
1.8555e-01 
-2.4414e-03 
-1.8555e-01 
-2.9785e-01 
-2.9785e-01 
-1.8311e-01 
2.4414e-03 
1.8555e-01 
2.9785e-01 
3.0029e-01 
1.8066e-01 
2.4414e-03 
-1.8311e-01 
-2.9785e-01 
-2.9785e-01 
-1.8066e-01 
2.4414e-03 
1.8555e-01 
3.0029e-01 
2.9785e-01 
1.8555e-01 
2.4414e-03 
-1.8555e-01 
-3.0029e-01 
-2.9785e-01 
-1.8311e-01 
0.0000e+00 
1.8555e-01 
2.9785e-01 
2.9785e-01 
1.8555e-01 
0.0000e+00 
-1.8799e-01 
-3.0029e-01 
-2.9785e-01 
-1.8311e-01 
2.4414e-03 
1.8555e-01 
3.0029e-01 
3.0029e-01 
1.8555e-01 
0.0000e+00 
-1.8555e-01 
-3.0029e-01 
-2.9785e-01 
-1.8066e-01 
2.4414e-03 
1.8799e-01 
3.0029e-01 
2.9785e-01 
1.8311e-01 
-2.4414e-03 
-1.8555e-01 
-3.0029e-01 
-2.9785e-01 
-1.8311e-01 
2.4414e-03 
1.8799e-01 
3.0029e-01 
2.9785e-01 
1.8311e-01 
2.4414e-03 
-1.8311e-01 
-2.9785e-01 
-2.9785e-01 
-1.8066e-01 
0.0000e+00 
1.8799e-01 
2.9785e-01 
2.9785e-01 
1.8311e-01 
0.0000e+00 
-1.8311e-01 
-2.9785e-01 
-2.9785e-01 
-1.8311e-01 
4.8828e-03 
1.8799e-01 
3.0029e-01 
2.9785e-01 
1.8311e-01 
0.0000e+00 
-1.8311e-01 
-2.9785e-01 
-2.9785e-01 
-1.8311e-01 
4.8828e-03 
1.8555e-01 
3.0029e-01 
2.9785e-01 
1.8311e-01 
2.4414e-03 
-1.8555e-01 
-2.9785e-01 
-2.9785e-01 
-1.8311e-01 
2.4414e-03 
1.8799e-01 
2.9785e-01 
2.9785e-01 
1.8311e-01 
-2.4414e-03 
-1.8555e-01 
-2.9785e-01 
-2.9785e-01 
-1.8066e-01 
2.4414e-03 
1.8799e-01 
3.0029e-01 
2.9785e-01 
1.8311e-01 
-2.4414e-03 
-1.8555e-01 
-3.0029e-01 
-2.9785e-01 
-1.8311e-01 
2.4414e-03 
1.8555e-01 
3.0029e-01 
3.0029e-01 
1.8311e-01 
0.0000e+00 
-1.8555e-01 
-2.9541e-01 
-2.9785e-01 
-1.8066e-01 
2.4414e-03 
1.8555e-01 
3.0029e-01 
2.9785e-01 
1.8555e-01 
0.0000e+00 
-1.8555e-01 
-3.0029e-01 
-2.9785e-01 
-1.8311e-01 
4.8828e-03 
1.8555e-01 
2.9785e-01 
3.0029e-01 
1.8555e-01 
0.0000e+00 
-1.8311e-01 
-2.9785e-01 
-2.9785e-01 
-1.8311e-01 
2.4414e-03 
1.8311e-01 
3.0029e-01 
3.0029e-01 
1.8799e-01 
0.0000e+00 
-1.8555e-01 
-2.9785e-01 
-2.9785e-01 
-1.8311e-01 
2.4414e-03 
1.8555e-01 
3.0029e-01 
2.9785e-01 
1.8555e-01 
2.4414e-03 
-1.8555e-01 
-2.9785e-01 
-2.9541e-01 
-1.8311e-01 
2.4414e-03 
1.8555e-01 
2.9785e-01 
3.0029e-01 
1.8311e-01 
0.0000e+00 
-1.8555e-01 
-2.9785e-01 
-2.9541e-01 
-1.8311e-01 
