-6.3477e-02 
2.7588e-01 
2.3438e-01 
-1.2939e-01 
-3.1494e-01 
-6.5918e-02 
2.7344e-01 
2.3438e-01 
-1.2939e-01 
-3.1494e-01 
-6.3477e-02 
2.7344e-01 
2.3438e-01 
-1.2695e-01 
-3.1494e-01 
-6.3477e-02 
2.7344e-01 
2.3193e-01 
-1.2939e-01 
-3.1494e-01 
-6.3477e-02 
2.7344e-01 
2.3438e-01 
-1.2695e-01 
-3.1738e-01 
-6.3477e-02 
2.7344e-01 
2.3438e-01 
-1.2939e-01 
-3.1494e-01 
-6.3477e-02 
2.7588e-01 
2.3438e-01 
-1.2695e-01 
-3.1250e-01 
-6.3477e-02 
2.7344e-01 
2.3438e-01 
-1.2939e-01 
-3.1494e-01 
-6.1035e-02 
2.7588e-01 
2.3438e-01 
-1.2695e-01 
-3.1494e-01 
-6.3477e-02 
2.7344e-01 
2.3682e-01 
-1.2939e-01 
-3.1494e-01 
-6.3477e-02 
2.7344e-01 
2.3193e-01 
-1.2939e-01 
-3.1494e-01 
-6.5918e-02 
2.7344e-01 
2.3438e-01 
-1.2695e-01 
-3.1250e-01 
-6.3477e-02 
2.7344e-01 
2.3438e-01 
-1.2939e-01 
-3.1250e-01 
-6.3477e-02 
2.7344e-01 
2.3193e-01 
-1.2939e-01 
-3.1494e-01 
-6.3477e-02 
2.7344e-01 
2.3438e-01 
-1.2939e-01 
-3.1250e-01 
-6.5918e-02 
2.7344e-01 
2.3438e-01 
-1.2939e-01 
-3.1494e-01 
-6.3477e-02 
2.7344e-01 
2.3682e-01 
-1.2695e-01 
-3.1250e-01 
-6.1035e-02 
2.7344e-01 
2.3438e-01 
-1.2695e-01 
-3.1250e-01 
-6.3477e-02 
2.7100e-01 
2.3438e-01 
-1.2695e-01 
-3.1494e-01 
-6.3477e-02 
2.7344e-01 
2.3193e-01 
-1.2939e-01 
-3.1494e-01 
-6.3477e-02 
2.7588e-01 
2.3438e-01 
-1.2939e-01 
-3.1494e-01 
-6.5918e-02 
2.7588e-01 
2.3193e-01 
-1.2695e-01 
-3.1494e-01 
-6.3477e-02 
2.7588e-01 
2.3438e-01 
-1.2939e-01 
-3.1738e-01 
-6.3477e-02 
2.7344e-01 
2.3438e-01 
-1.2939e-01 
-3.1250e-01 
-6.3477e-02 
2.7344e-01 
2.3438e-01 
-1.2695e-01 
-3.1494e-01 
-6.3477e-02 
2.7344e-01 
2.3438e-01 
-1.2939e-01 
-3.1250e-01 
-6.3477e-02 
2.7344e-01 
2.3438e-01 
-1.2695e-01 
-3.1250e-01 
-6.3477e-02 
2.7344e-01 
2.3438e-01 
-1.2695e-01 
-3.1494e-01 
-6.3477e-02 
2.7344e-01 
2.3682e-01 
-1.2939e-01 
-3.1494e-01 
-6.3477e-02 
2.7344e-01 
2.3438e-01 
-1.2939e-01 
-3.1250e-01 
-6.3477e-02 
2.7344e-01 
2.3438e-01 
-1.2939e-01 
-3.1494e-01 
-6.5918e-02 
2.7588e-01 
2.3682e-01 
-1.2695e-01 
-3.1250e-01 
-6.3477e-02 
2.7344e-01 
2.3682e-01 
-1.2695e-01 
-3.1494e-01 
-6.3477e-02 
2.7344e-01 
2.3438e-01 
-1.2939e-01 
-3.1494e-01 
-6.3477e-02 
2.7344e-01 
2.3438e-01 
-1.2695e-01 
-3.1250e-01 
-6.5918e-02 
2.7344e-01 
2.3193e-01 
-1.2695e-01 
-3.1494e-01 
-6.3477e-02 
2.7588e-01 
2.3682e-01 
-1.2939e-01 
-3.1494e-01 
-6.1035e-02 
2.7344e-01 
2.3438e-01 
-1.2695e-01 
-3.1494e-01 
-6.3477e-02 
2.7588e-01 
2.3438e-01 
-1.2939e-01 
-3.1250e-01 
-6.5918e-02 
2.7344e-01 
2.3438e-01 
-1.2939e-01 
-3.1494e-01 
-6.3477e-02 
2.7344e-01 
2.3438e-01 
-1.2695e-01 
-3.1494e-01 
-6.3477e-02 
2.7344e-01 
2.3438e-01 
-1.2939e-01 
-3.1494e-01 
-6.3477e-02 
2.7344e-01 
2.3438e-01 
-1.2939e-01 
-3.1250e-01 
-6.1035e-02 
2.7344e-01 
2.3438e-01 
-1.2695e-01 
-3.1250e-01 
-6.5918e-02 
2.7344e-01 
2.3438e-01 
-1.2695e-01 
-3.1494e-01 
-6.5918e-02 
2.7344e-01 
2.3438e-01 
-1.2695e-01 
-3.1250e-01 
-6.3477e-02 
2.7344e-01 
2.3438e-01 
-1.2695e-01 
-3.1494e-01 
-6.5918e-02 
2.7100e-01 
2.3682e-01 
-1.2695e-01 
-3.1494e-01 
-6.3477e-02 
2.7344e-01 
2.3682e-01 
-1.2939e-01 
-3.1494e-01 
-6.5918e-02 
2.7344e-01 
2.3438e-01 
-1.2695e-01 
-3.1494e-01 
-6.3477e-02 
2.7344e-01 
2.3438e-01 
-1.2695e-01 
-3.1494e-01 
-6.3477e-02 
