-3.1250e-01 
-2.6855e-02 
2.9297e-01 
2.0752e-01 
-1.6602e-01 
-3.1250e-01 
-2.6855e-02 
2.9541e-01 
2.0752e-01 
-1.6602e-01 
-3.1250e-01 
-2.4414e-02 
2.9297e-01 
2.0508e-01 
-1.6602e-01 
-3.1006e-01 
-2.4414e-02 
2.9297e-01 
2.0508e-01 
-1.6846e-01 
-3.1006e-01 
-2.4414e-02 
2.9541e-01 
2.0996e-01 
-1.6602e-01 
-3.1006e-01 
-2.4414e-02 
2.9541e-01 
2.0752e-01 
-1.6846e-01 
-3.1006e-01 
-2.1973e-02 
2.9297e-01 
2.0752e-01 
-1.6357e-01 
-3.1250e-01 
-2.6855e-02 
2.9541e-01 
2.0752e-01 
-1.6846e-01 
-3.1006e-01 
-2.1973e-02 
2.9297e-01 
2.0752e-01 
-1.6602e-01 
-3.1006e-01 
-2.1973e-02 
2.9541e-01 
2.0752e-01 
-1.6602e-01 
-3.1006e-01 
-2.4414e-02 
2.9541e-01 
2.0508e-01 
-1.6602e-01 
-3.1494e-01 
-2.4414e-02 
2.9297e-01 
2.0508e-01 
-1.6602e-01 
-3.1006e-01 
-2.4414e-02 
2.9297e-01 
2.0508e-01 
-1.6602e-01 
-3.1250e-01 
-2.6855e-02 
2.9541e-01 
2.0752e-01 
-1.6602e-01 
-3.1006e-01 
-2.4414e-02 
2.9541e-01 
2.0752e-01 
-1.6846e-01 
-3.1250e-01 
-2.4414e-02 
2.9541e-01 
2.0752e-01 
-1.6602e-01 
-3.1006e-01 
-2.4414e-02 
2.9541e-01 
2.0752e-01 
-1.6846e-01 
-3.1250e-01 
-2.4414e-02 
2.9297e-01 
2.0508e-01 
-1.6846e-01 
-3.1250e-01 
-2.1973e-02 
2.9297e-01 
2.0508e-01 
-1.6602e-01 
-3.1494e-01 
-2.4414e-02 
2.9297e-01 
2.0752e-01 
-1.6602e-01 
-3.1006e-01 
-2.4414e-02 
2.9541e-01 
2.0508e-01 
-1.6602e-01 
-3.1006e-01 
-2.4414e-02 
2.9297e-01 
2.0508e-01 
-1.6846e-01 
-3.1250e-01 
-2.4414e-02 
2.9541e-01 
2.0508e-01 
-1.6602e-01 
-3.1250e-01 
-2.4414e-02 
2.9297e-01 
2.0752e-01 
-1.6602e-01 
-3.1250e-01 
-2.4414e-02 
2.9541e-01 
2.0508e-01 
-1.6602e-01 
-3.1250e-01 
-2.1973e-02 
2.9541e-01 
2.0508e-01 
-1.6602e-01 
-3.1250e-01 
-2.4414e-02 
2.9541e-01 
2.0752e-01 
-1.6846e-01 
-3.1006e-01 
-2.1973e-02 
2.9541e-01 
2.0752e-01 
-1.6846e-01 
-3.1250e-01 
-2.4414e-02 
2.9541e-01 
2.0752e-01 
-1.6846e-01 
-3.1006e-01 
-2.4414e-02 
2.9541e-01 
2.0508e-01 
-1.6846e-01 
-3.1006e-01 
-2.4414e-02 
2.9785e-01 
2.0508e-01 
-1.6846e-01 
-3.1250e-01 
-2.4414e-02 
2.9541e-01 
2.0508e-01 
-1.6602e-01 
-3.1250e-01 
-2.4414e-02 
2.9541e-01 
2.0508e-01 
-1.6602e-01 
-3.1250e-01 
-2.4414e-02 
2.9297e-01 
2.0508e-01 
-1.6846e-01 
-3.1250e-01 
-2.4414e-02 
2.9541e-01 
2.0752e-01 
-1.6846e-01 
-3.1250e-01 
-2.1973e-02 
2.9541e-01 
2.0752e-01 
-1.6602e-01 
-3.1250e-01 
-2.1973e-02 
2.9541e-01 
2.0508e-01 
-1.6846e-01 
-3.1250e-01 
-2.4414e-02 
2.9541e-01 
2.0508e-01 
-1.6602e-01 
-3.1250e-01 
-2.4414e-02 
2.9541e-01 
2.0752e-01 
-1.6602e-01 
-3.1006e-01 
-2.4414e-02 
2.9541e-01 
2.0752e-01 
-1.6602e-01 
-3.1006e-01 
-2.1973e-02 
2.9785e-01 
2.0752e-01 
-1.6846e-01 
-3.1250e-01 
-2.4414e-02 
2.9541e-01 
2.0508e-01 
-1.6602e-01 
-3.1006e-01 
-2.4414e-02 
2.9541e-01 
2.0508e-01 
-1.6846e-01 
-3.1250e-01 
-2.4414e-02 
2.9541e-01 
2.0508e-01 
-1.6602e-01 
-3.1250e-01 
-2.1973e-02 
2.9541e-01 
2.0752e-01 
-1.6846e-01 
-3.1006e-01 
-2.4414e-02 
2.9541e-01 
2.0264e-01 
-1.6602e-01 
-3.1250e-01 
-2.1973e-02 
2.9541e-01 
2.0508e-01 
-1.6846e-01 
-3.1006e-01 
-2.4414e-02 
2.9785e-01 
2.0264e-01 
-1.6602e-01 
-3.1250e-01 
-2.4414e-02 
2.9297e-01 
2.0752e-01 
-1.6846e-01 
-3.1006e-01 
-2.4414e-02 
2.9541e-01 
2.0508e-01 
-1.7090e-01 
-3.1006e-01 
-2.1973e-02 
2.9541e-01 
2.0508e-01 
-1.6846e-01 
-3.1006e-01 
