2.0752e-01 
1.2939e-01 
5.6152e-02 
-2.4414e-02 
-1.0254e-01 
-1.7822e-01 
-2.4902e-01 
-3.1494e-01 
-3.7354e-01 
-4.2480e-01 
-4.6143e-01 
-4.9316e-01 
-5.1025e-01 
-5.1270e-01 
-5.0537e-01 
-4.8340e-01 
-4.5410e-01 
-4.1260e-01 
-3.5889e-01 
-2.9785e-01 
-2.2949e-01 
-1.5381e-01 
-7.5684e-02 
0.0000e+00 
7.8125e-02 
1.5625e-01 
2.2705e-01 
2.9297e-01 
3.5400e-01 
4.0283e-01 
4.4678e-01 
4.7363e-01 
4.9316e-01 
4.9805e-01 
4.9561e-01 
4.7607e-01 
4.4434e-01 
4.0527e-01 
3.5400e-01 
2.9297e-01 
2.2705e-01 
1.5381e-01 
7.5684e-02 
-4.8828e-03 
-8.0566e-02 
-1.5625e-01 
-2.2949e-01 
-3.0029e-01 
-3.5645e-01 
-4.1260e-01 
-4.5166e-01 
-4.8584e-01 
-5.0293e-01 
-5.1025e-01 
-5.0781e-01 
-4.9316e-01 
-4.6387e-01 
-4.2725e-01 
-3.7354e-01 
-3.1494e-01 
-2.4902e-01 
-1.7822e-01 
-9.7656e-02 
-1.9531e-02 
5.3711e-02 
1.3672e-01 
2.0752e-01 
2.7832e-01 
3.3691e-01 
3.9062e-01 
4.3457e-01 
4.6875e-01 
4.8828e-01 
5.0049e-01 
4.9561e-01 
4.8096e-01 
4.5410e-01 
4.1748e-01 
3.6865e-01 
3.0762e-01 
2.4170e-01 
1.7334e-01 
9.5215e-02 
1.9531e-02 
-5.8594e-02 
-1.3672e-01 
-2.0996e-01 
-2.8320e-01 
-3.4180e-01 
-3.9795e-01 
-4.4189e-01 
-4.7607e-01 
-5.0049e-01 
-5.1025e-01 
-5.1025e-01 
-4.9805e-01 
-4.7363e-01 
-4.3701e-01 
-3.9062e-01 
-3.3447e-01 
-2.6611e-01 
-1.9775e-01 
-1.2207e-01 
-4.3945e-02 
3.6621e-02 
1.1230e-01 
1.8799e-01 
2.5879e-01 
3.2227e-01 
3.7598e-01 
4.2236e-01 
4.5654e-01 
4.8340e-01 
4.9805e-01 
4.9805e-01 
4.8584e-01 
4.6631e-01 
4.2725e-01 
3.8086e-01 
3.2715e-01 
2.6123e-01 
1.9531e-01 
1.1963e-01 
4.1504e-02 
-3.6621e-02 
-1.1230e-01 
-1.8799e-01 
-2.6367e-01 
-3.2715e-01 
-3.8330e-01 
-4.3213e-01 
-4.6875e-01 
-4.9561e-01 
-5.1025e-01 
-5.1270e-01 
-5.0537e-01 
-4.8096e-01 
-4.4922e-01 
-4.0527e-01 
-3.4668e-01 
-2.8564e-01 
-2.1729e-01 
-1.4160e-01 
-6.5918e-02 
1.2207e-02 
9.2773e-02 
1.6846e-01 
2.3926e-01 
3.0518e-01 
3.6133e-01 
4.1260e-01 
4.5166e-01 
4.8096e-01 
4.9316e-01 
4.9805e-01 
4.9316e-01 
4.7119e-01 
4.3701e-01 
3.9795e-01 
3.4424e-01 
2.8076e-01 
2.1484e-01 
1.3916e-01 
6.1035e-02 
-1.7090e-02 
-9.2773e-02 
-1.6846e-01 
-2.4414e-01 
-3.1006e-01 
-3.6865e-01 
-4.2236e-01 
-4.5898e-01 
-4.8828e-01 
-5.0781e-01 
-5.1514e-01 
-5.0781e-01 
-4.8828e-01 
-4.5654e-01 
-4.1992e-01 
-3.6621e-01 
-3.0273e-01 
-2.3438e-01 
-1.6357e-01 
-8.5449e-02 
-7.3242e-03 
6.8359e-02 
1.4648e-01 
2.1973e-01 
2.8809e-01 
3.4668e-01 
3.9795e-01 
4.4189e-01 
4.7363e-01 
4.9072e-01 
4.9805e-01 
4.9561e-01 
4.8096e-01 
4.5166e-01 
4.0771e-01 
3.5889e-01 
3.0029e-01 
2.3438e-01 
1.6113e-01 
8.0566e-02 
7.3242e-03 
-7.3242e-02 
-1.4648e-01 
-2.2217e-01 
-2.9297e-01 
-3.5156e-01 
-4.0527e-01 
-4.4922e-01 
-4.8096e-01 
-5.0537e-01 
-5.1270e-01 
-5.1270e-01 
-4.9316e-01 
-4.6875e-01 
-4.2725e-01 
-3.8086e-01 
-3.1982e-01 
-2.5635e-01 
-1.8555e-01 
-1.0742e-01 
-3.1738e-02 
4.8828e-02 
1.2695e-01 
1.9775e-01 
2.7100e-01 
3.3203e-01 
3.8330e-01 
4.2969e-01 
4.6631e-01 
4.8828e-01 
4.9805e-01 
4.9561e-01 
4.8584e-01 
4.5898e-01 
4.1992e-01 
3.7598e-01 
3.1738e-01 
2.5146e-01 
1.8311e-01 
1.0498e-01 
2.6855e-02 
-5.1270e-02 
-1.2695e-01 
-2.0264e-01 
-2.7588e-01 
-3.3447e-01 
-3.9062e-01 
-4.3945e-01 
-4.7119e-01 
-4.9805e-01 
-5.1025e-01 
-5.1270e-01 
