-2.4414e-01 
-6.5918e-02 
3.4424e-01 
-4.9805e-01 
4.5166e-01 
-2.4170e-01 
-6.8359e-02 
3.4424e-01 
-4.9805e-01 
4.5410e-01 
-2.4170e-01 
-6.5918e-02 
3.4424e-01 
-4.9561e-01 
4.5166e-01 
-2.4170e-01 
-6.8359e-02 
3.4424e-01 
-4.9561e-01 
4.5166e-01 
-2.4170e-01 
-6.8359e-02 
3.4668e-01 
-4.9805e-01 
4.5166e-01 
-2.4170e-01 
-6.8359e-02 
3.4424e-01 
-4.9561e-01 
4.5166e-01 
-2.3926e-01 
-6.5918e-02 
3.4668e-01 
-4.9561e-01 
4.5166e-01 
-2.4170e-01 
-6.3477e-02 
3.4668e-01 
-4.9561e-01 
4.5166e-01 
-2.4170e-01 
-6.5918e-02 
3.4668e-01 
-4.9561e-01 
4.4922e-01 
-2.3926e-01 
-6.8359e-02 
3.4424e-01 
-4.9561e-01 
4.5166e-01 
-2.3682e-01 
-6.8359e-02 
3.4180e-01 
-4.9561e-01 
4.5166e-01 
-2.3926e-01 
-6.5918e-02 
3.4668e-01 
-4.9561e-01 
4.4922e-01 
-2.4170e-01 
-6.8359e-02 
3.4668e-01 
-4.9561e-01 
4.5166e-01 
-2.3926e-01 
-6.8359e-02 
3.4424e-01 
-4.9316e-01 
4.5166e-01 
-2.4170e-01 
-6.5918e-02 
3.4424e-01 
-4.9805e-01 
4.5166e-01 
-2.4170e-01 
-6.8359e-02 
3.4912e-01 
-4.9561e-01 
4.5166e-01 
-2.4170e-01 
-6.5918e-02 
3.4912e-01 
-4.9316e-01 
4.5166e-01 
-2.3926e-01 
-6.5918e-02 
3.4424e-01 
-4.9561e-01 
4.5166e-01 
-2.3926e-01 
-6.5918e-02 
3.4424e-01 
-4.9561e-01 
4.5166e-01 
-2.3926e-01 
-6.5918e-02 
3.4912e-01 
-4.9561e-01 
4.5410e-01 
-2.3926e-01 
-6.8359e-02 
3.4668e-01 
-4.9561e-01 
4.5410e-01 
-2.4170e-01 
-6.5918e-02 
3.4668e-01 
-4.9316e-01 
4.5166e-01 
-2.3926e-01 
-6.5918e-02 
3.4668e-01 
-4.9316e-01 
4.5166e-01 
-2.3682e-01 
-6.5918e-02 
3.4668e-01 
-4.9561e-01 
4.5166e-01 
-2.3926e-01 
-6.8359e-02 
3.4668e-01 
-4.9561e-01 
4.5166e-01 
-2.3682e-01 
-6.5918e-02 
3.4668e-01 
-4.9561e-01 
4.5410e-01 
-2.4170e-01 
-6.5918e-02 
3.4668e-01 
-4.9561e-01 
4.5410e-01 
-2.3926e-01 
-6.8359e-02 
3.4668e-01 
-4.9561e-01 
4.5166e-01 
-2.3926e-01 
-6.8359e-02 
3.4424e-01 
-4.9561e-01 
4.5166e-01 
-2.3682e-01 
-6.5918e-02 
3.4668e-01 
-4.9561e-01 
4.5166e-01 
-2.3926e-01 
-6.5918e-02 
3.4668e-01 
-4.9561e-01 
4.5166e-01 
-2.3682e-01 
-6.8359e-02 
3.4668e-01 
-4.9316e-01 
4.5166e-01 
-2.3926e-01 
-6.5918e-02 
3.4668e-01 
-4.9316e-01 
4.5166e-01 
-2.3926e-01 
-6.8359e-02 
3.4668e-01 
-4.9561e-01 
4.5410e-01 
-2.3926e-01 
-6.5918e-02 
3.4668e-01 
-4.9316e-01 
4.5166e-01 
-2.3926e-01 
-6.5918e-02 
3.4912e-01 
-4.9561e-01 
4.5410e-01 
-2.3926e-01 
-7.0801e-02 
3.4668e-01 
-4.9561e-01 
4.5166e-01 
-2.3682e-01 
-6.8359e-02 
3.4424e-01 
-4.9316e-01 
4.5410e-01 
-2.3682e-01 
-6.8359e-02 
3.4668e-01 
-4.9561e-01 
4.5166e-01 
-2.3926e-01 
-6.8359e-02 
3.4668e-01 
-4.9561e-01 
4.4922e-01 
-2.3682e-01 
-6.5918e-02 
3.4668e-01 
-4.9316e-01 
4.4922e-01 
-2.3926e-01 
-6.5918e-02 
3.4424e-01 
-4.9561e-01 
4.4922e-01 
-2.3682e-01 
-6.5918e-02 
3.4424e-01 
-4.9561e-01 
4.5166e-01 
-2.3682e-01 
-6.8359e-02 
3.4668e-01 
-4.9561e-01 
4.5166e-01 
-2.3926e-01 
-6.8359e-02 
3.4668e-01 
-4.9561e-01 
4.4922e-01 
-2.3926e-01 
-6.8359e-02 
3.4668e-01 
-4.9561e-01 
4.5166e-01 
-2.3926e-01 
-6.8359e-02 
3.4668e-01 
-4.9805e-01 
4.5166e-01 
-2.3926e-01 
-6.8359e-02 
3.4424e-01 
-4.9561e-01 
4.4922e-01 
-2.3926e-01 
-6.5918e-02 
3.4668e-01 
-4.9561e-01 
4.5410e-01 
-2.3926e-01 
-6.8359e-02 
3.4668e-01 
-4.9561e-01 
4.5166e-01 
-2.3926e-01 
-6.8359e-02 
3.4668e-01 
-4.9561e-01 
4.4922e-01 
-2.3926e-01 
