-4.9805e-01 
-2.3438e-01 
3.4912e-01 
4.4678e-01 
-6.8359e-02 
-4.9805e-01 
-2.3682e-01 
3.4912e-01 
4.4922e-01 
-7.0801e-02 
-4.9561e-01 
-2.3926e-01 
3.4912e-01 
4.4922e-01 
-7.0801e-02 
-4.9805e-01 
-2.3682e-01 
3.4912e-01 
4.5166e-01 
-7.3242e-02 
-4.9805e-01 
-2.3682e-01 
3.5156e-01 
4.4922e-01 
-7.0801e-02 
-4.9805e-01 
-2.3438e-01 
3.4912e-01 
4.4922e-01 
-7.0801e-02 
-4.9561e-01 
-2.3682e-01 
3.4912e-01 
4.4922e-01 
-7.0801e-02 
-4.9805e-01 
-2.3682e-01 
3.4668e-01 
4.4922e-01 
-7.0801e-02 
-4.9805e-01 
-2.3438e-01 
3.4912e-01 
4.4678e-01 
-7.0801e-02 
-4.9805e-01 
-2.3682e-01 
3.4912e-01 
4.4922e-01 
-7.3242e-02 
-5.0049e-01 
-2.3682e-01 
3.4912e-01 
4.5166e-01 
-7.0801e-02 
-4.9561e-01 
-2.3438e-01 
3.4912e-01 
4.4678e-01 
-7.0801e-02 
-4.9561e-01 
-2.3682e-01 
3.4668e-01 
4.4678e-01 
-7.0801e-02 
-4.9805e-01 
-2.3438e-01 
3.5156e-01 
4.4922e-01 
-7.0801e-02 
-4.9561e-01 
-2.3438e-01 
3.5156e-01 
4.4922e-01 
-7.0801e-02 
-4.9805e-01 
-2.3682e-01 
3.4912e-01 
4.4922e-01 
-7.0801e-02 
-4.9805e-01 
-2.3438e-01 
3.5156e-01 
4.4922e-01 
-7.0801e-02 
-4.9561e-01 
-2.3438e-01 
3.4912e-01 
4.4678e-01 
-7.3242e-02 
-4.9805e-01 
-2.3438e-01 
3.5156e-01 
4.4922e-01 
-7.3242e-02 
-4.9805e-01 
-2.3682e-01 
3.5400e-01 
4.4922e-01 
-7.0801e-02 
-4.9805e-01 
-2.3438e-01 
3.5156e-01 
4.4922e-01 
-7.3242e-02 
-4.9805e-01 
-2.3438e-01 
3.4912e-01 
4.4922e-01 
-7.5684e-02 
-4.9561e-01 
-2.3438e-01 
3.4912e-01 
4.5166e-01 
-7.3242e-02 
-4.9805e-01 
-2.3438e-01 
3.5156e-01 
4.4922e-01 
-7.3242e-02 
-4.9805e-01 
-2.3193e-01 
3.4912e-01 
4.4922e-01 
-7.3242e-02 
-4.9805e-01 
-2.3438e-01 
3.4912e-01 
4.4678e-01 
-7.3242e-02 
-4.9805e-01 
-2.3438e-01 
3.5156e-01 
4.4922e-01 
-7.3242e-02 
-4.9805e-01 
-2.3193e-01 
3.5156e-01 
4.4922e-01 
-7.3242e-02 
-4.9805e-01 
-2.3438e-01 
3.5156e-01 
4.4922e-01 
-7.3242e-02 
-4.9561e-01 
-2.3438e-01 
3.4912e-01 
4.4678e-01 
-7.3242e-02 
-4.9561e-01 
-2.3438e-01 
3.4912e-01 
4.4922e-01 
-7.3242e-02 
-4.9805e-01 
-2.3193e-01 
3.5400e-01 
4.5166e-01 
-7.5684e-02 
-4.9805e-01 
-2.3438e-01 
3.4912e-01 
4.4922e-01 
-7.3242e-02 
-4.9805e-01 
-2.3438e-01 
3.5156e-01 
4.4922e-01 
-7.3242e-02 
-4.9805e-01 
-2.3438e-01 
3.5156e-01 
4.4922e-01 
-7.3242e-02 
-4.9805e-01 
-2.3193e-01 
3.5156e-01 
4.5166e-01 
-7.3242e-02 
-4.9805e-01 
-2.3438e-01 
3.5156e-01 
4.4922e-01 
-7.3242e-02 
-4.9805e-01 
-2.3438e-01 
3.5156e-01 
4.4922e-01 
-7.3242e-02 
-4.9805e-01 
-2.3438e-01 
3.5156e-01 
4.4678e-01 
-7.3242e-02 
-4.9561e-01 
-2.3682e-01 
3.5156e-01 
4.4922e-01 
-7.5684e-02 
-4.9805e-01 
-2.3438e-01 
3.5156e-01 
4.4678e-01 
-7.3242e-02 
-4.9805e-01 
-2.3438e-01 
3.5156e-01 
4.4922e-01 
-7.5684e-02 
-4.9561e-01 
-2.3193e-01 
3.5156e-01 
4.4678e-01 
-7.3242e-02 
-4.9805e-01 
-2.3438e-01 
3.5400e-01 
4.4678e-01 
-7.5684e-02 
-4.9561e-01 
-2.3193e-01 
3.5156e-01 
4.4922e-01 
-7.5684e-02 
-4.9805e-01 
-2.3438e-01 
3.4912e-01 
4.5166e-01 
-7.3242e-02 
-4.9561e-01 
-2.3193e-01 
3.5400e-01 
4.4922e-01 
-7.3242e-02 
-4.9561e-01 
-2.3438e-01 
3.5156e-01 
4.4922e-01 
-7.3242e-02 
-5.0049e-01 
-2.3193e-01 
3.5156e-01 
4.4678e-01 
-7.3242e-02 
-4.9805e-01 
-2.3438e-01 
3.5156e-01 
4.4922e-01 
-7.3242e-02 
-4.9805e-01 
-2.3193e-01 
3.5156e-01 
4.4678e-01 
-7.5684e-02 
-4.9805e-01 
