1.5137e-01 
-5.0537e-01 
1.6113e-01 
4.0039e-01 
-4.1260e-01 
-1.4893e-01 
5.0049e-01 
-1.6113e-01 
-4.0527e-01 
4.1016e-01 
1.5381e-01 
-5.0293e-01 
1.6113e-01 
4.0283e-01 
-4.1016e-01 
-1.5137e-01 
5.0049e-01 
-1.6113e-01 
-4.0283e-01 
4.0771e-01 
1.5137e-01 
-5.0537e-01 
1.5869e-01 
4.0283e-01 
-4.1016e-01 
-1.4893e-01 
5.0293e-01 
-1.5869e-01 
-4.0527e-01 
4.0771e-01 
1.4893e-01 
-5.0293e-01 
1.6357e-01 
4.0039e-01 
-4.1260e-01 
-1.4893e-01 
5.0049e-01 
-1.5869e-01 
-4.0283e-01 
4.0527e-01 
1.4893e-01 
-5.0293e-01 
1.5869e-01 
4.0283e-01 
-4.1016e-01 
-1.5137e-01 
5.0049e-01 
-1.5869e-01 
-4.0527e-01 
4.0771e-01 
1.5137e-01 
-5.0293e-01 
1.6113e-01 
4.0283e-01 
-4.1260e-01 
-1.5137e-01 
5.0293e-01 
-1.6113e-01 
-4.0283e-01 
4.0771e-01 
1.5137e-01 
-5.0537e-01 
1.6357e-01 
4.0283e-01 
-4.1016e-01 
-1.4893e-01 
5.0049e-01 
-1.5869e-01 
-4.0283e-01 
4.1016e-01 
1.5137e-01 
-5.0293e-01 
1.5869e-01 
4.0283e-01 
-4.1260e-01 
-1.5137e-01 
5.0293e-01 
-1.5869e-01 
-4.0527e-01 
4.0527e-01 
1.5137e-01 
-5.0293e-01 
1.6357e-01 
4.0283e-01 
-4.0771e-01 
-1.5137e-01 
5.0049e-01 
-1.5869e-01 
-4.0283e-01 
4.0527e-01 
1.5381e-01 
-5.0049e-01 
1.5625e-01 
4.0283e-01 
-4.1016e-01 
-1.5137e-01 
5.0049e-01 
-1.5869e-01 
-4.0283e-01 
4.0771e-01 
1.5137e-01 
-5.0293e-01 
1.5869e-01 
4.0283e-01 
-4.1260e-01 
-1.4893e-01 
5.0293e-01 
-1.5869e-01 
-4.0527e-01 
4.1016e-01 
1.5381e-01 
-5.0293e-01 
1.6113e-01 
4.0283e-01 
-4.1016e-01 
-1.4893e-01 
5.0049e-01 
-1.5869e-01 
-4.0283e-01 
4.0771e-01 
1.5137e-01 
-5.0293e-01 
1.5869e-01 
4.0283e-01 
-4.1016e-01 
-1.5137e-01 
5.0293e-01 
-1.5869e-01 
-4.0527e-01 
4.0771e-01 
1.5137e-01 
-5.0049e-01 
1.6113e-01 
4.0527e-01 
-4.0771e-01 
-1.4893e-01 
5.0049e-01 
-1.6113e-01 
-4.0283e-01 
4.0527e-01 
1.5137e-01 
-5.0537e-01 
1.5869e-01 
4.0283e-01 
-4.1016e-01 
-1.4893e-01 
5.0293e-01 
-1.6113e-01 
-4.0527e-01 
4.0771e-01 
1.5137e-01 
-5.0293e-01 
1.5869e-01 
4.0527e-01 
-4.1016e-01 
-1.5137e-01 
5.0293e-01 
-1.5869e-01 
-4.0527e-01 
4.0771e-01 
1.5137e-01 
-5.0293e-01 
1.6113e-01 
4.0283e-01 
-4.1260e-01 
-1.5137e-01 
5.0049e-01 
-1.5869e-01 
-4.0527e-01 
4.0771e-01 
1.5137e-01 
-5.0049e-01 
1.5869e-01 
4.0283e-01 
-4.1016e-01 
-1.4893e-01 
5.0049e-01 
-1.6113e-01 
-4.0283e-01 
4.0771e-01 
1.5381e-01 
-5.0537e-01 
1.5869e-01 
4.0283e-01 
-4.1016e-01 
-1.5137e-01 
5.0049e-01 
-1.6113e-01 
-4.0527e-01 
4.0771e-01 
1.5137e-01 
-5.0049e-01 
1.5869e-01 
4.0283e-01 
-4.1260e-01 
-1.5137e-01 
5.0049e-01 
-1.5869e-01 
-4.0283e-01 
4.0771e-01 
1.5137e-01 
-5.0293e-01 
1.6113e-01 
4.0283e-01 
-4.1260e-01 
-1.5381e-01 
5.0293e-01 
-1.5869e-01 
-4.0527e-01 
4.0527e-01 
1.5137e-01 
-5.0293e-01 
1.5869e-01 
4.0283e-01 
-4.0771e-01 
-1.4893e-01 
5.0049e-01 
-1.5869e-01 
-4.0283e-01 
4.0771e-01 
1.5137e-01 
-5.0293e-01 
1.5869e-01 
4.0283e-01 
-4.1260e-01 
-1.4893e-01 
5.0293e-01 
-1.5869e-01 
-4.0527e-01 
4.0771e-01 
1.4893e-01 
-5.0293e-01 
1.5869e-01 
4.0527e-01 
-4.1260e-01 
-1.5137e-01 
5.0049e-01 
-1.5869e-01 
-4.0283e-01 
4.0527e-01 
1.5137e-01 
-5.0293e-01 
1.6113e-01 
4.0283e-01 
-4.1016e-01 
-1.5137e-01 
5.0049e-01 
-1.5869e-01 
-4.0527e-01 
4.0527e-01 
1.5381e-01 
-5.0293e-01 
1.5869e-01 
4.0039e-01 
-4.1260e-01 
-1.4893e-01 
