-4.2236e-01 
-1.8555e-01 
1.2451e-01 
3.8574e-01 
5.0293e-01 
4.2236e-01 
1.8311e-01 
-1.2695e-01 
-3.9062e-01 
-5.0049e-01 
-4.2236e-01 
-1.8555e-01 
1.2451e-01 
3.8574e-01 
5.0049e-01 
4.2236e-01 
1.8555e-01 
-1.2695e-01 
-3.9307e-01 
-5.0537e-01 
-4.2236e-01 
-1.8311e-01 
1.2695e-01 
3.8818e-01 
5.0049e-01 
4.2480e-01 
1.8066e-01 
-1.2695e-01 
-3.9062e-01 
-5.0293e-01 
-4.2236e-01 
-1.8555e-01 
1.2451e-01 
3.8818e-01 
5.0049e-01 
4.2236e-01 
1.8311e-01 
-1.2695e-01 
-3.9062e-01 
-5.0537e-01 
-4.2480e-01 
-1.8555e-01 
1.2451e-01 
3.9062e-01 
5.0049e-01 
4.1992e-01 
1.8066e-01 
-1.2695e-01 
-3.9062e-01 
-5.0537e-01 
-4.2236e-01 
-1.8555e-01 
1.2695e-01 
3.8818e-01 
5.0293e-01 
4.1992e-01 
1.8311e-01 
-1.2695e-01 
-3.9062e-01 
-5.0293e-01 
-4.2236e-01 
-1.8555e-01 
1.2695e-01 
3.8818e-01 
5.0049e-01 
4.1992e-01 
1.8311e-01 
-1.2939e-01 
-3.9062e-01 
-5.0293e-01 
-4.2236e-01 
-1.8555e-01 
1.2695e-01 
3.9062e-01 
5.0293e-01 
4.1992e-01 
1.8311e-01 
-1.2695e-01 
-3.9062e-01 
-5.0537e-01 
-4.2236e-01 
-1.8311e-01 
1.2695e-01 
3.9062e-01 
5.0293e-01 
4.2236e-01 
1.8311e-01 
-1.2451e-01 
-3.9062e-01 
-5.0537e-01 
-4.2236e-01 
-1.8555e-01 
1.2451e-01 
3.8818e-01 
5.0049e-01 
4.1992e-01 
1.8311e-01 
-1.2695e-01 
-3.9062e-01 
-5.0293e-01 
-4.2236e-01 
-1.8555e-01 
1.2695e-01 
3.9307e-01 
5.0049e-01 
4.2236e-01 
1.8311e-01 
-1.2695e-01 
-3.9062e-01 
-5.0293e-01 
-4.1992e-01 
-1.8555e-01 
1.2695e-01 
3.9062e-01 
5.0049e-01 
4.1992e-01 
1.8066e-01 
-1.2695e-01 
-3.9062e-01 
-5.0293e-01 
-4.2236e-01 
-1.8555e-01 
1.2695e-01 
3.9062e-01 
5.0049e-01 
4.1992e-01 
1.8066e-01 
-1.2695e-01 
-3.9307e-01 
-5.0537e-01 
-4.1992e-01 
-1.8311e-01 
1.2939e-01 
3.8818e-01 
5.0293e-01 
4.1992e-01 
1.8555e-01 
-1.2939e-01 
-3.9062e-01 
-5.0293e-01 
-4.1992e-01 
-1.8311e-01 
1.2451e-01 
3.9062e-01 
5.0049e-01 
4.1992e-01 
1.8311e-01 
-1.2939e-01 
-3.9307e-01 
-5.0293e-01 
-4.2236e-01 
-1.8311e-01 
1.2939e-01 
3.8818e-01 
5.0049e-01 
4.2236e-01 
1.8066e-01 
-1.2695e-01 
-3.9062e-01 
-5.0293e-01 
-4.2236e-01 
-1.8555e-01 
1.2939e-01 
3.9062e-01 
5.0293e-01 
4.1992e-01 
1.8066e-01 
-1.2695e-01 
-3.9062e-01 
-5.0293e-01 
-4.2236e-01 
-1.8311e-01 
1.2695e-01 
3.8818e-01 
5.0049e-01 
4.1748e-01 
1.8066e-01 
-1.2939e-01 
-3.9062e-01 
-5.0537e-01 
-4.2236e-01 
-1.8311e-01 
1.2939e-01 
3.9062e-01 
5.0049e-01 
4.1992e-01 
1.8066e-01 
-1.2695e-01 
-3.9062e-01 
-5.0293e-01 
-4.2236e-01 
-1.8311e-01 
1.2695e-01 
3.9062e-01 
5.0049e-01 
4.1992e-01 
1.8066e-01 
-1.2939e-01 
-3.9307e-01 
-5.0293e-01 
-4.2236e-01 
-1.8311e-01 
1.2695e-01 
3.8818e-01 
5.0293e-01 
4.1748e-01 
1.8066e-01 
-1.2939e-01 
-3.9307e-01 
-5.0537e-01 
-4.2236e-01 
-1.8311e-01 
1.2939e-01 
3.9062e-01 
5.0049e-01 
4.1748e-01 
1.8066e-01 
-1.2939e-01 
-3.9062e-01 
-5.0537e-01 
-4.2236e-01 
-1.8311e-01 
1.2939e-01 
3.9062e-01 
5.0049e-01 
4.1992e-01 
1.7822e-01 
-1.2939e-01 
-3.9307e-01 
-5.0293e-01 
-4.2236e-01 
-1.8311e-01 
1.2939e-01 
3.9062e-01 
5.0293e-01 
4.2236e-01 
1.8066e-01 
-1.2695e-01 
-3.9307e-01 
-5.0293e-01 
-4.2236e-01 
-1.8311e-01 
1.2695e-01 
3.9062e-01 
5.0049e-01 
4.1748e-01 
1.8066e-01 
-1.2939e-01 
-3.9307e-01 
-5.0537e-01 
-4.2236e-01 
-1.8311e-01 
1.2939e-01 
3.8818e-01 
5.0049e-01 
4.1992e-01 
