2.0996e-01 
-5.0293e-01 
9.5215e-02 
4.3701e-01 
-3.7109e-01 
-2.1240e-01 
4.9805e-01 
-9.7656e-02 
-4.3945e-01 
3.7109e-01 
2.0752e-01 
-5.0293e-01 
9.7656e-02 
4.3457e-01 
-3.7109e-01 
-2.1240e-01 
4.9805e-01 
-9.7656e-02 
-4.3945e-01 
3.6865e-01 
2.0996e-01 
-5.0049e-01 
9.7656e-02 
4.3701e-01 
-3.7354e-01 
-2.1240e-01 
4.9805e-01 
-1.0010e-01 
-4.3945e-01 
3.6865e-01 
2.0752e-01 
-5.0293e-01 
9.7656e-02 
4.3701e-01 
-3.7354e-01 
-2.0996e-01 
5.0049e-01 
-1.0254e-01 
-4.3701e-01 
3.6865e-01 
2.0752e-01 
-5.0049e-01 
9.7656e-02 
4.3701e-01 
-3.7354e-01 
-2.1240e-01 
5.0049e-01 
-1.0254e-01 
-4.3701e-01 
3.7109e-01 
2.0508e-01 
-5.0293e-01 
9.5215e-02 
4.3457e-01 
-3.7354e-01 
-2.0996e-01 
5.0049e-01 
-1.0254e-01 
-4.3701e-01 
3.6865e-01 
2.0752e-01 
-5.0293e-01 
9.7656e-02 
4.3701e-01 
-3.7109e-01 
-2.0996e-01 
4.9805e-01 
-1.0010e-01 
-4.3701e-01 
3.7109e-01 
2.0752e-01 
-5.0293e-01 
1.0010e-01 
4.3457e-01 
-3.7109e-01 
-2.0996e-01 
5.0049e-01 
-1.0254e-01 
-4.3701e-01 
3.7109e-01 
2.0752e-01 
-5.0293e-01 
1.0010e-01 
4.3701e-01 
-3.7109e-01 
-2.0996e-01 
4.9805e-01 
-1.0010e-01 
-4.3945e-01 
3.7109e-01 
2.0752e-01 
-5.0293e-01 
1.0010e-01 
4.3457e-01 
-3.7354e-01 
-2.0752e-01 
4.9805e-01 
-1.0254e-01 
-4.3457e-01 
3.7109e-01 
2.0508e-01 
-5.0293e-01 
1.0010e-01 
4.3701e-01 
-3.7354e-01 
-2.1240e-01 
5.0049e-01 
-1.0254e-01 
-4.3945e-01 
3.7109e-01 
2.0752e-01 
-5.0537e-01 
1.0010e-01 
4.3701e-01 
-3.7354e-01 
-2.0996e-01 
4.9805e-01 
-1.0010e-01 
-4.3701e-01 
3.7109e-01 
2.0752e-01 
-5.0049e-01 
1.0010e-01 
4.3457e-01 
-3.7354e-01 
-2.0996e-01 
4.9805e-01 
-1.0254e-01 
-4.3457e-01 
3.6865e-01 
2.0752e-01 
-5.0293e-01 
9.7656e-02 
4.3701e-01 
-3.7354e-01 
-2.0752e-01 
4.9805e-01 
-1.0254e-01 
-4.3701e-01 
3.7109e-01 
2.0752e-01 
-5.0293e-01 
1.0010e-01 
4.3701e-01 
-3.7354e-01 
-2.1240e-01 
4.9805e-01 
-1.0254e-01 
-4.3945e-01 
3.7109e-01 
2.0752e-01 
-5.0049e-01 
1.0010e-01 
4.3457e-01 
-3.7354e-01 
-2.0996e-01 
5.0049e-01 
-1.0254e-01 
-4.3701e-01 
3.7109e-01 
2.0752e-01 
-5.0049e-01 
1.0010e-01 
4.3701e-01 
-3.7109e-01 
-2.0996e-01 
5.0049e-01 
-1.0010e-01 
-4.3701e-01 
3.6865e-01 
2.0508e-01 
-5.0293e-01 
1.0010e-01 
4.3457e-01 
-3.7354e-01 
-2.0996e-01 
4.9805e-01 
-1.0254e-01 
-4.3701e-01 
3.7109e-01 
2.0752e-01 
-5.0049e-01 
9.7656e-02 
4.3457e-01 
-3.7354e-01 
-2.0752e-01 
5.0049e-01 
-1.0254e-01 
-4.3701e-01 
3.6865e-01 
2.0752e-01 
-5.0293e-01 
1.0010e-01 
4.3457e-01 
-3.7354e-01 
-2.0752e-01 
5.0049e-01 
-1.0498e-01 
-4.3701e-01 
3.7109e-01 
2.0752e-01 
-5.0293e-01 
1.0010e-01 
4.3457e-01 
-3.7109e-01 
-2.0752e-01 
4.9805e-01 
-1.0254e-01 
-4.3701e-01 
3.7109e-01 
2.0508e-01 
-5.0049e-01 
1.0010e-01 
4.3457e-01 
-3.7598e-01 
-2.0752e-01 
5.0049e-01 
-1.0498e-01 
-4.3457e-01 
3.7109e-01 
2.0752e-01 
-5.0049e-01 
1.0254e-01 
4.3701e-01 
-3.7354e-01 
-2.0752e-01 
5.0049e-01 
-1.0254e-01 
-4.3945e-01 
3.7354e-01 
2.0752e-01 
-5.0537e-01 
1.0010e-01 
4.3701e-01 
-3.7598e-01 
-2.0508e-01 
4.9805e-01 
-1.0498e-01 
-4.3457e-01 
3.7109e-01 
2.0752e-01 
-5.0049e-01 
1.0010e-01 
4.3457e-01 
-3.7354e-01 
-2.0996e-01 
5.0049e-01 
-1.0254e-01 
-4.3701e-01 
3.7109e-01 
2.0752e-01 
-5.0293e-01 
9.7656e-02 
4.3701e-01 
-3.7598e-01 
-2.0752e-01 
