-4.0771e-01 
-1.6602e-01 
1.4160e-01 
3.9307e-01 
4.9561e-01 
4.0771e-01 
1.6602e-01 
-1.3916e-01 
-3.9307e-01 
-4.9805e-01 
-4.1016e-01 
-1.6846e-01 
1.3916e-01 
3.9062e-01 
4.9561e-01 
4.1016e-01 
1.6357e-01 
-1.3916e-01 
-3.9062e-01 
-4.9561e-01 
-4.0771e-01 
-1.6357e-01 
1.4160e-01 
3.9307e-01 
4.9805e-01 
4.1016e-01 
1.6602e-01 
-1.3672e-01 
-3.9307e-01 
-4.9561e-01 
-4.1016e-01 
-1.6602e-01 
1.4160e-01 
3.9062e-01 
4.9561e-01 
4.1016e-01 
1.6846e-01 
-1.4160e-01 
-3.9062e-01 
-4.9561e-01 
-4.0771e-01 
-1.6602e-01 
1.3916e-01 
3.9062e-01 
4.9561e-01 
4.1016e-01 
1.6602e-01 
-1.3916e-01 
-3.9307e-01 
-4.9561e-01 
-4.0771e-01 
-1.6846e-01 
1.3916e-01 
3.9062e-01 
4.9805e-01 
4.0771e-01 
1.6846e-01 
-1.3672e-01 
-3.9062e-01 
-4.9561e-01 
-4.0771e-01 
-1.6846e-01 
1.3916e-01 
3.9307e-01 
4.9561e-01 
4.0771e-01 
1.6846e-01 
-1.3916e-01 
-3.9307e-01 
-4.9561e-01 
-4.1016e-01 
-1.6602e-01 
1.4160e-01 
3.9307e-01 
4.9561e-01 
4.1016e-01 
1.6846e-01 
-1.3916e-01 
-3.8818e-01 
-4.9316e-01 
-4.0771e-01 
-1.6602e-01 
1.4160e-01 
3.9307e-01 
4.9561e-01 
4.1016e-01 
1.6846e-01 
-1.3672e-01 
-3.9307e-01 
-4.9561e-01 
-4.1016e-01 
-1.6846e-01 
1.4160e-01 
3.9307e-01 
4.9561e-01 
4.0771e-01 
1.6602e-01 
-1.3672e-01 
-3.9307e-01 
-4.9561e-01 
-4.0771e-01 
-1.6602e-01 
1.4160e-01 
3.9307e-01 
4.9561e-01 
4.0771e-01 
1.6602e-01 
-1.3916e-01 
-3.9307e-01 
-4.9316e-01 
-4.0771e-01 
-1.6602e-01 
1.3916e-01 
3.9307e-01 
4.9561e-01 
4.0771e-01 
1.6846e-01 
-1.3916e-01 
-3.9062e-01 
-4.9561e-01 
-4.1016e-01 
-1.6846e-01 
1.3916e-01 
3.9551e-01 
4.9561e-01 
4.0771e-01 
1.6602e-01 
-1.3916e-01 
-3.9307e-01 
-4.9316e-01 
-4.1016e-01 
-1.6602e-01 
1.4160e-01 
3.9307e-01 
4.9561e-01 
4.1260e-01 
1.6602e-01 
-1.3672e-01 
-3.9062e-01 
-4.9561e-01 
-4.1016e-01 
-1.6602e-01 
1.3916e-01 
3.9307e-01 
4.9561e-01 
4.1260e-01 
1.6846e-01 
-1.3672e-01 
-3.9307e-01 
-4.9316e-01 
-4.0771e-01 
-1.6846e-01 
1.3916e-01 
3.9062e-01 
4.9561e-01 
4.0771e-01 
1.6602e-01 
-1.3916e-01 
-3.8818e-01 
-4.9561e-01 
-4.0771e-01 
-1.6357e-01 
1.3916e-01 
3.9307e-01 
4.9561e-01 
4.1016e-01 
1.6602e-01 
-1.3916e-01 
-3.9307e-01 
-4.9561e-01 
-4.1016e-01 
-1.6602e-01 
1.3916e-01 
3.9062e-01 
5.0049e-01 
4.1260e-01 
1.6602e-01 
-1.3672e-01 
-3.9062e-01 
-4.9805e-01 
-4.0771e-01 
-1.6357e-01 
1.3916e-01 
3.9307e-01 
4.9561e-01 
4.0771e-01 
1.6846e-01 
-1.3916e-01 
-3.9307e-01 
-4.9561e-01 
-4.0771e-01 
-1.6357e-01 
1.3916e-01 
3.9062e-01 
4.9805e-01 
4.1016e-01 
1.6602e-01 
-1.3916e-01 
-3.9062e-01 
-4.9561e-01 
-4.0771e-01 
-1.6357e-01 
1.4160e-01 
3.9307e-01 
4.9561e-01 
4.1016e-01 
1.6846e-01 
-1.3916e-01 
-3.9062e-01 
-4.9316e-01 
-4.1016e-01 
-1.6602e-01 
1.3672e-01 
3.9062e-01 
4.9805e-01 
4.1016e-01 
1.6846e-01 
-1.3672e-01 
-3.8818e-01 
-4.9561e-01 
-4.0771e-01 
-1.6602e-01 
1.3916e-01 
3.9062e-01 
4.9561e-01 
4.1016e-01 
1.6602e-01 
-1.3916e-01 
-3.9307e-01 
-4.9561e-01 
-4.0771e-01 
-1.6357e-01 
1.4404e-01 
3.9307e-01 
4.9561e-01 
4.1016e-01 
1.6602e-01 
-1.3916e-01 
-3.9062e-01 
-4.9316e-01 
-4.0771e-01 
-1.6357e-01 
1.3916e-01 
3.9307e-01 
4.9561e-01 
4.1260e-01 
1.6846e-01 
-1.3916e-01 
-3.9307e-01 
-4.9561e-01 
-4.1016e-01 
-1.6846e-01 
1.4404e-01 
3.9307e-01 
4.9805e-01 
4.1016e-01 
