-4.1260e-01 
4.1260e-01 
-4.1504e-01 
4.1016e-01 
-4.1748e-01 
4.1504e-01 
-4.1748e-01 
4.1260e-01 
-4.1504e-01 
4.1016e-01 
-4.1504e-01 
4.1260e-01 
-4.1260e-01 
4.1016e-01 
-4.1504e-01 
4.1260e-01 
-4.1504e-01 
4.1260e-01 
-4.1504e-01 
4.1016e-01 
-4.1260e-01 
4.1016e-01 
-4.1504e-01 
4.1260e-01 
-4.1260e-01 
4.1260e-01 
-4.1504e-01 
4.1016e-01 
-4.1504e-01 
4.1016e-01 
-4.1260e-01 
4.1260e-01 
-4.1504e-01 
4.1260e-01 
-4.1504e-01 
4.1016e-01 
-4.1016e-01 
4.1016e-01 
-4.1504e-01 
4.1260e-01 
-4.1260e-01 
4.1260e-01 
-4.1260e-01 
4.1016e-01 
-4.1504e-01 
4.1260e-01 
-4.1504e-01 
4.1260e-01 
-4.1260e-01 
4.1016e-01 
-4.1260e-01 
4.1260e-01 
-4.1260e-01 
4.1260e-01 
-4.1504e-01 
4.1016e-01 
-4.1260e-01 
4.1016e-01 
-4.1504e-01 
4.1260e-01 
-4.1504e-01 
4.1016e-01 
-4.1504e-01 
4.1504e-01 
-4.1504e-01 
4.1016e-01 
-4.1260e-01 
4.1016e-01 
-4.1260e-01 
4.1016e-01 
-4.1504e-01 
4.1260e-01 
-4.1260e-01 
4.1260e-01 
-4.1504e-01 
4.1260e-01 
-4.1260e-01 
4.1260e-01 
-4.1504e-01 
4.1504e-01 
-4.1260e-01 
4.1260e-01 
-4.1260e-01 
4.1260e-01 
-4.1260e-01 
4.1016e-01 
-4.1504e-01 
4.1016e-01 
-4.1260e-01 
4.1504e-01 
-4.1260e-01 
4.1260e-01 
-4.1260e-01 
4.1260e-01 
-4.1260e-01 
4.1260e-01 
-4.1260e-01 
4.1260e-01 
-4.1504e-01 
4.1016e-01 
-4.1504e-01 
4.1504e-01 
-4.1504e-01 
4.1260e-01 
-4.1016e-01 
4.1016e-01 
-4.1504e-01 
4.1016e-01 
-4.1260e-01 
4.1016e-01 
-4.1504e-01 
4.1260e-01 
-4.1260e-01 
4.1260e-01 
-4.1504e-01 
4.1260e-01 
-4.1260e-01 
4.1260e-01 
-4.1504e-01 
4.1260e-01 
-4.1504e-01 
4.1016e-01 
-4.1504e-01 
4.1260e-01 
-4.1260e-01 
4.1260e-01 
-4.1016e-01 
4.1260e-01 
-4.1260e-01 
4.1016e-01 
-4.1260e-01 
4.1260e-01 
-4.1504e-01 
4.1260e-01 
-4.1504e-01 
4.1260e-01 
-4.1260e-01 
4.1260e-01 
-4.1504e-01 
4.1260e-01 
-4.1016e-01 
4.1016e-01 
-4.1504e-01 
4.1260e-01 
-4.1260e-01 
4.1260e-01 
-4.1260e-01 
4.1260e-01 
-4.1260e-01 
4.1260e-01 
-4.1260e-01 
4.1504e-01 
-4.1260e-01 
4.1260e-01 
-4.1260e-01 
4.1260e-01 
-4.1260e-01 
4.0771e-01 
-4.1260e-01 
4.1260e-01 
-4.1260e-01 
4.1260e-01 
-4.1260e-01 
4.1260e-01 
-4.1260e-01 
4.1260e-01 
-4.1260e-01 
4.1260e-01 
-4.1260e-01 
4.1016e-01 
-4.1260e-01 
4.1016e-01 
-4.1260e-01 
4.1260e-01 
-4.1504e-01 
4.1260e-01 
-4.1260e-01 
4.1016e-01 
-4.1504e-01 
4.1260e-01 
-4.1016e-01 
4.1260e-01 
-4.1260e-01 
4.1260e-01 
-4.1260e-01 
4.1260e-01 
-4.1504e-01 
4.1016e-01 
-4.1260e-01 
4.1260e-01 
-4.1260e-01 
4.1016e-01 
-4.1016e-01 
4.1260e-01 
-4.1260e-01 
4.1260e-01 
-4.1260e-01 
4.1260e-01 
-4.1260e-01 
4.1016e-01 
-4.1260e-01 
4.1016e-01 
-4.1260e-01 
4.1260e-01 
-4.1260e-01 
4.1016e-01 
-4.1260e-01 
4.1260e-01 
-4.1016e-01 
4.1260e-01 
-4.1260e-01 
4.1016e-01 
-4.1260e-01 
4.1016e-01 
-4.1260e-01 
4.1260e-01 
-4.1260e-01 
4.1260e-01 
-4.1260e-01 
4.1260e-01 
-4.1260e-01 
4.1260e-01 
-4.1260e-01 
4.1016e-01 
-4.1260e-01 
4.1016e-01 
-4.1504e-01 
4.1260e-01 
-4.1016e-01 
4.1260e-01 
-4.1504e-01 
4.1016e-01 
-4.1260e-01 
4.1016e-01 
-4.1504e-01 
4.1016e-01 
-4.1260e-01 
4.1016e-01 
-4.1260e-01 
4.1016e-01 
-4.1260e-01 
4.1016e-01 
-4.1260e-01 
4.1016e-01 
-4.1260e-01 
4.1016e-01 
-4.1504e-01 
4.1016e-01 
-4.1260e-01 
4.1260e-01 
-4.1260e-01 
4.1260e-01 
-4.1260e-01 
4.1016e-01 
-4.1260e-01 
4.1260e-01 
