-2.6611e-01 
4.6387e-01 
-4.9072e-01 
3.2227e-01 
-3.4180e-02 
-2.6611e-01 
4.6631e-01 
-4.9072e-01 
3.1982e-01 
-3.6621e-02 
-2.6855e-01 
4.6143e-01 
-4.9072e-01 
3.2227e-01 
-3.4180e-02 
-2.6611e-01 
4.6631e-01 
-4.8828e-01 
3.2227e-01 
-3.4180e-02 
-2.6855e-01 
4.6387e-01 
-4.9072e-01 
3.1982e-01 
-3.4180e-02 
-2.6855e-01 
4.6631e-01 
-4.9072e-01 
3.2227e-01 
-3.6621e-02 
-2.6611e-01 
4.6387e-01 
-4.9072e-01 
3.1982e-01 
-3.4180e-02 
-2.6855e-01 
4.6143e-01 
-4.8584e-01 
3.2471e-01 
-3.6621e-02 
-2.6611e-01 
4.6387e-01 
-4.9072e-01 
3.2227e-01 
-3.9062e-02 
-2.6611e-01 
4.6631e-01 
-4.8828e-01 
3.2227e-01 
-3.4180e-02 
-2.6855e-01 
4.6387e-01 
-4.9072e-01 
3.2227e-01 
-3.6621e-02 
-2.6855e-01 
4.6631e-01 
-4.9072e-01 
3.2227e-01 
-3.6621e-02 
-2.6855e-01 
4.6631e-01 
-4.9072e-01 
3.2227e-01 
-3.4180e-02 
-2.6855e-01 
4.6387e-01 
-4.9072e-01 
3.2227e-01 
-3.6621e-02 
-2.6611e-01 
4.6387e-01 
-4.8828e-01 
3.2227e-01 
-3.4180e-02 
-2.6611e-01 
4.6631e-01 
-4.9072e-01 
3.2471e-01 
-3.6621e-02 
-2.6611e-01 
4.6387e-01 
-4.9072e-01 
3.2471e-01 
-3.6621e-02 
-2.6611e-01 
4.6387e-01 
-4.8828e-01 
3.2471e-01 
-3.4180e-02 
-2.6611e-01 
4.6387e-01 
-4.8828e-01 
3.2227e-01 
-3.4180e-02 
-2.6611e-01 
4.6387e-01 
-4.9072e-01 
3.2471e-01 
-3.4180e-02 
-2.6611e-01 
4.6387e-01 
-4.9072e-01 
3.2471e-01 
-3.6621e-02 
-2.6611e-01 
4.6631e-01 
-4.9072e-01 
3.2227e-01 
-3.6621e-02 
-2.6611e-01 
4.6387e-01 
-4.9072e-01 
3.2471e-01 
-3.6621e-02 
-2.6367e-01 
4.6631e-01 
-4.8828e-01 
3.2227e-01 
-3.6621e-02 
-2.6611e-01 
4.6143e-01 
-4.9316e-01 
3.2227e-01 
-3.6621e-02 
-2.6611e-01 
4.6387e-01 
-4.8828e-01 
3.2227e-01 
-3.4180e-02 
-2.6611e-01 
4.6387e-01 
-4.9072e-01 
3.2227e-01 
-3.6621e-02 
-2.6611e-01 
4.6631e-01 
-4.8828e-01 
3.2227e-01 
-3.4180e-02 
-2.6611e-01 
4.6387e-01 
-4.9072e-01 
3.2471e-01 
-3.4180e-02 
-2.6855e-01 
4.6387e-01 
-4.9072e-01 
3.2227e-01 
-3.6621e-02 
-2.6367e-01 
4.6631e-01 
-4.8828e-01 
3.2227e-01 
-3.6621e-02 
-2.6855e-01 
4.6143e-01 
-4.8828e-01 
3.1982e-01 
-3.6621e-02 
-2.6611e-01 
4.6387e-01 
-4.8828e-01 
3.2471e-01 
-3.6621e-02 
-2.6611e-01 
4.6387e-01 
-4.8828e-01 
3.2471e-01 
-3.4180e-02 
-2.6611e-01 
4.6387e-01 
-4.9072e-01 
3.2227e-01 
-3.6621e-02 
-2.6611e-01 
4.6143e-01 
-4.8828e-01 
3.2471e-01 
-3.6621e-02 
-2.6123e-01 
4.6387e-01 
-4.8828e-01 
3.2227e-01 
-3.9062e-02 
-2.6611e-01 
4.6631e-01 
-4.9072e-01 
3.2471e-01 
-3.6621e-02 
-2.6611e-01 
4.6143e-01 
-4.9316e-01 
3.2227e-01 
-3.9062e-02 
-2.6855e-01 
4.6387e-01 
-4.8584e-01 
3.2471e-01 
-3.6621e-02 
-2.6367e-01 
4.6387e-01 
-4.9072e-01 
3.2227e-01 
-3.6621e-02 
-2.6611e-01 
4.6387e-01 
-4.8584e-01 
3.2471e-01 
-3.6621e-02 
-2.6611e-01 
4.6387e-01 
-4.9072e-01 
3.2471e-01 
-3.6621e-02 
-2.6611e-01 
4.6143e-01 
-4.9072e-01 
3.2227e-01 
-3.9062e-02 
-2.6367e-01 
4.6387e-01 
-4.9072e-01 
3.2471e-01 
-3.9062e-02 
-2.6611e-01 
4.6387e-01 
-4.9072e-01 
3.2471e-01 
-3.6621e-02 
-2.6611e-01 
4.6387e-01 
-4.9072e-01 
3.2715e-01 
-3.6621e-02 
-2.6611e-01 
4.6387e-01 
-4.8828e-01 
3.2471e-01 
-3.9062e-02 
-2.6611e-01 
4.6143e-01 
-4.9072e-01 
3.2471e-01 
-3.9062e-02 
-2.6611e-01 
4.6387e-01 
-4.9072e-01 
3.2715e-01 
-3.6621e-02 
-2.6611e-01 
4.6143e-01 
-4.9072e-01 
3.2471e-01 
-3.6621e-02 
-2.6611e-01 
